service_id,monday,tuesday,wednesday,thursday,friday,saturday,sunday,start_date,end_date
100-TR1,1,1,1,1,1,0,0,20201005,20201204
101-TR1,1,1,1,1,1,0,0,20201005,20201204
102-TR1,1,1,1,1,1,0,0,20201005,20201204
103-TR1,1,1,1,1,1,0,0,20201005,20201204
104-TR1,1,1,1,1,1,0,0,20201005,20201204
105-TR1,1,1,1,1,1,0,0,20201005,20201204
106-TR1,1,1,1,1,1,0,0,20201005,20201204
107-TR1,1,1,1,1,1,0,0,20201005,20201204
108-TR1,1,1,1,1,1,0,0,20201005,20201204
109-TR1,1,1,1,1,1,0,0,20201005,20201204
10-TR1,1,1,1,1,1,0,0,20201005,20201204
110-TR1,1,1,1,1,1,0,0,20201005,20201204
111-TR1,1,1,1,1,1,0,0,20201005,20201204
112-TR1,1,1,1,1,1,0,0,20201005,20201204
113-TR1,1,1,1,1,1,0,0,20201005,20201204
114-TR1,1,1,1,1,1,0,0,20201005,20201204
115-TR1,1,1,1,1,1,0,0,20201005,20201204
116-TR1,1,1,1,1,1,0,0,20201005,20201204
117-TR1,1,1,1,1,1,0,0,20201005,20201204
118-TR1,0,0,0,0,0,1,0,20201010,20201205
119-TR1,0,0,0,0,0,1,0,20201010,20201205
11-TR1,1,1,1,1,1,0,0,20201005,20201204
120-TR1,0,0,0,0,0,1,0,20201010,20201205
121-TR1,0,0,0,0,0,1,0,20201010,20201205
122-TR1,0,0,0,0,0,1,0,20201010,20201205
123-TR1,0,0,0,0,0,1,0,20201010,20201205
124-TR1,0,0,0,0,0,1,0,20201010,20201205
125-TR1,0,0,0,0,0,1,0,20201010,20201205
126-TR1,0,0,0,0,0,1,0,20201010,20201205
127-TR1,0,0,0,0,0,1,0,20201010,20201205
128-TR1,0,0,0,0,0,1,0,20201010,20201205
129-TR1,0,0,0,0,0,1,0,20201010,20201205
12-TR1,1,1,1,1,1,0,0,20201005,20201204
130-TR1,0,0,0,0,0,1,0,20201010,20201205
131-TR1,0,0,0,0,0,1,0,20201010,20201205
133-TR1,0,0,0,0,0,1,0,20201010,20201205
134-TR1,0,0,0,0,0,1,0,20201010,20201205
135-TR1,0,0,0,0,0,1,0,20201010,20201205
136-TR1,0,0,0,0,0,1,0,20201010,20201205
137-TR1,0,0,0,0,0,1,0,20201010,20201205
138-TR1,0,0,0,0,0,1,0,20201010,20201205
139-TR1,0,0,0,0,0,1,0,20201010,20201205
13-TR1,1,1,1,1,1,0,0,20201005,20201204
144-TR1,0,0,0,0,0,1,0,20201010,20201205
146-TR1,0,0,0,0,0,1,0,20201010,20201205
147-TR1,0,0,0,0,0,1,0,20201010,20201205
148-TR1,0,0,0,0,0,1,0,20201010,20201205
149-TR1,0,0,0,0,0,1,0,20201010,20201205
14-TR1,1,1,1,1,1,0,0,20201005,20201204
150-TR1,0,0,0,0,0,1,0,20201010,20201205
151-TR1,0,0,0,0,0,1,0,20201010,20201205
152-TR1,0,0,0,0,0,1,0,20201010,20201205
153-TR1,0,0,0,0,0,1,0,20201010,20201205
154-TR1,0,0,0,0,0,1,0,20201010,20201205
155-TR1,0,0,0,0,0,1,0,20201010,20201205
156-TR1,0,0,0,0,0,1,0,20201010,20201205
157-TR1,0,0,0,0,0,1,0,20201010,20201205
158-TR1,0,0,0,0,0,1,0,20201010,20201205
160-TR1,0,0,0,0,0,1,0,20201010,20201205
161-TR1,0,0,0,0,0,1,0,20201010,20201205
162-TR1,0,0,0,0,0,1,0,20201010,20201205
164-TR1,0,0,0,0,0,1,0,20201010,20201205
166-TR1,0,0,0,0,0,1,0,20201010,20201024
167-TR1,0,0,0,0,0,1,0,20201010,20201205
168-TR1,0,0,0,0,0,1,0,20201010,20201205
169-TR1,0,0,0,0,0,1,0,20201010,20201205
16-TR1,1,1,1,1,1,0,0,20201005,20201204
170-TR1,0,0,0,0,0,1,0,20201010,20201205
172-TR1,0,0,0,0,0,1,0,20201010,20201205
173-TR1,0,0,0,0,0,1,0,20201010,20201205
174-TR1,0,0,0,0,0,1,0,20201010,20201205
175-TR1,0,0,0,0,0,1,0,20201010,20201205
176-TR1,0,0,0,0,0,1,0,20201010,20201205
177-TR1,0,0,0,0,0,1,0,20201010,20201205
17-TR1,1,1,1,1,1,0,0,20201005,20201204
180-TR1,0,0,0,0,0,0,1,20201011,20201206
181-TR1,0,0,0,0,0,0,1,20201011,20201206
182-TR1,0,0,0,0,0,0,1,20201011,20201206
183-TR1,0,0,0,0,0,0,1,20201011,20201206
184-TR1,0,0,0,0,0,0,1,20201011,20201206
185-TR1,0,0,0,0,0,0,1,20201011,20201206
186-TR1,0,0,0,0,0,0,1,20201011,20201206
187-TR1,0,0,0,0,0,0,1,20201011,20201206
188-TR1,0,0,0,0,0,0,1,20201011,20201206
189-TR1,0,0,0,0,0,0,1,20201011,20201206
18-TR1,1,1,1,1,1,0,0,20201005,20201204
190-TR1,0,0,0,0,0,0,1,20201011,20201206
191-TR1,0,0,0,0,0,0,1,20201011,20201206
192-TR1,0,0,0,0,0,0,1,20201011,20201206
193-TR1,0,0,0,0,0,0,1,20201011,20201206
194-TR1,0,0,0,0,0,0,1,20201011,20201206
195-TR1,0,0,0,0,0,0,1,20201011,20201206
196-TR1,0,0,0,0,0,0,1,20201011,20201206
197-TR1,0,0,0,0,0,0,1,20201011,20201206
198-TR1,0,0,0,0,0,0,1,20201011,20201206
199-TR1,0,0,0,0,0,0,1,20201011,20201206
19-TR1,1,1,1,1,1,0,0,20201005,20201204
1-TR1,1,1,1,1,1,0,0,20201005,20201204
200-TR1,0,0,0,0,0,0,1,20201011,20201018
201-TR1,0,0,0,0,0,0,1,20201011,20201206
202-TR1,0,0,0,0,0,0,1,20201011,20201206
203-TR1,0,0,0,0,0,0,1,20201011,20201129
204-TR1,0,0,0,0,0,0,1,20201011,20201206
206-TR1,1,1,1,1,1,0,0,20201019,20201030
207-TR1,1,1,1,1,1,0,0,20201019,20201030
208-TR1,1,1,1,1,1,0,0,20201019,20201030
209-TR1,1,1,1,1,1,0,0,20201019,20201030
20-TR1,1,1,1,1,1,0,0,20201005,20201204
210-TR1,1,1,1,1,1,0,0,20201019,20201030
211-TR1,1,1,1,1,1,0,0,20201019,20201030
212-TR1,1,1,1,1,1,0,0,20201019,20201030
213-TR1,1,1,1,1,1,0,0,20201019,20201030
214-TR1,1,1,1,1,1,0,0,20201019,20201030
215-TR1,1,1,1,1,1,0,0,20201019,20201030
216-TR1,1,1,1,1,1,0,0,20201019,20201030
217-TR1,1,1,1,1,1,0,0,20201019,20201030
219-TR1,1,1,1,1,1,0,0,20201019,20201030
21-TR1,1,1,1,1,1,0,0,20201005,20201016
220-TR1,1,1,1,1,1,0,0,20201019,20201030
221-TR1,1,1,1,1,1,0,0,20201019,20201030
222-TR1,1,1,1,1,1,0,0,20201019,20201030
223-TR1,1,1,1,1,1,0,0,20201019,20201030
224-TR1,1,1,1,1,1,0,0,20201019,20201030
228-TR1,1,1,1,1,1,0,0,20201019,20201030
22-TR1,1,1,1,1,1,0,0,20201005,20201204
230-TR1,1,1,1,1,1,0,0,20201019,20201030
231-TR1,1,1,1,1,1,0,0,20201019,20201030
232-TR1,1,1,1,1,1,0,0,20201019,20201030
233-TR1,1,1,1,1,1,0,0,20201019,20201030
234-TR1,1,1,1,1,1,0,0,20201019,20201030
236-TR1,1,1,1,1,1,0,0,20201019,20201030
237-TR1,1,1,1,1,1,0,0,20201019,20201030
238-TR1,1,1,1,1,1,0,0,20201019,20201030
240-TR1,1,1,1,1,1,0,0,20201019,20201030
241-TR1,1,1,1,1,1,0,0,20201019,20201030
243-TR1,1,1,1,1,1,0,0,20201019,20201030
244-TR1,1,1,1,1,1,0,0,20201019,20201030
245-TR1,1,1,1,1,1,0,0,20201019,20201030
246-TR1,1,1,1,1,1,0,0,20201019,20201030
247-TR1,1,1,1,1,1,0,0,20201019,20201030
248-TR1,1,1,1,1,1,0,0,20201019,20201030
251-TR1,0,0,0,0,0,0,1,20201025,20201206
252-TR1,0,0,0,0,0,0,1,20201025,20201025
253-TR1,1,1,1,1,1,0,0,20201026,20201030
254-TR1,1,1,1,1,1,0,0,20201026,20201204
255-TR1,1,1,1,1,1,0,0,20201026,20201030
256-TR1,1,1,1,1,1,0,0,20201026,20201030
257-TR1,0,0,0,0,0,1,0,20201031,20201205
258-TR1,0,0,0,0,0,0,1,20201101,20201111
259-TR1,0,0,0,0,0,0,1,20201101,20201111
260-TR1,0,0,0,0,0,0,1,20201101,20201111
261-TR1,0,0,0,0,0,0,1,20201101,20201111
262-TR1,0,0,0,0,0,0,1,20201101,20201111
263-TR1,0,0,0,0,0,0,1,20201101,20201111
264-TR1,0,0,0,0,0,0,1,20201101,20201111
265-TR1,0,0,0,0,0,0,1,20201101,20201111
266-TR1,0,0,0,0,0,0,1,20201101,20201111
267-TR1,0,0,0,0,0,0,1,20201101,20201111
268-TR1,0,0,0,0,0,0,1,20201101,20201111
269-TR1,0,0,0,0,0,0,1,20201101,20201111
270-TR1,0,0,0,0,0,0,1,20201101,20201111
271-TR1,0,0,0,0,0,0,1,20201101,20201111
272-TR1,0,0,0,0,0,0,1,20201101,20201111
273-TR1,0,0,0,0,0,0,1,20201101,20201111
274-TR1,0,0,0,0,0,0,1,20201101,20201111
275-TR1,0,0,0,0,0,0,1,20201101,20201111
276-TR1,0,0,0,0,0,0,1,20201101,20201111
277-TR1,0,0,0,0,0,0,1,20201101,20201111
278-TR1,0,0,0,0,0,0,1,20201101,20201101
279-TR1,0,0,0,0,0,0,1,20201101,20201111
27-TR1,1,1,1,1,1,0,0,20201005,20201204
280-TR1,0,0,0,0,0,0,1,20201101,20201101
281-TR1,0,0,0,0,0,0,1,20201101,20201111
282-TR1,0,0,0,0,0,0,1,20201101,20201101
284-TR1,1,1,1,1,1,0,0,20201102,20201204
285-TR1,0,0,1,0,0,0,0,20201111,20201111
286-TR1,0,0,1,0,0,0,0,20201111,20201111
287-TR1,0,0,1,0,0,0,0,20201111,20201111
288-TR1,0,0,0,0,0,0,1,20201206,20201206
289-TR1,0,0,0,0,0,0,1,20201206,20201206
29-TR1,1,1,1,1,1,0,0,20201005,20201204
2-TR1,1,1,1,1,1,0,0,20201005,20201204
30-TR1,1,1,1,1,1,0,0,20201005,20201204
31-TR1,1,1,1,1,1,0,0,20201005,20201204
32-TR1,1,1,1,1,1,0,0,20201005,20201204
33-TR1,1,1,1,1,1,0,0,20201005,20201204
34-TR1,1,1,1,1,1,0,0,20201005,20201204
35-TR1,1,1,1,1,1,0,0,20201005,20201204
36-TR1,1,1,1,1,1,0,0,20201005,20201204
37-TR1,1,1,1,1,1,0,0,20201005,20201204
38-TR1,1,1,1,1,1,0,0,20201005,20201204
39-TR1,1,1,1,1,1,0,0,20201005,20201204
3-TR1,1,1,1,1,1,0,0,20201005,20201204
40-TR1,1,1,1,1,1,0,0,20201005,20201204
41-TR1,1,1,1,1,1,0,0,20201005,20201204
43-TR1,1,1,1,1,1,0,0,20201005,20201204
44-TR1,1,1,1,1,1,0,0,20201005,20201204
45-TR1,1,1,1,1,1,0,0,20201005,20201204
47-TR1,1,1,1,1,1,0,0,20201005,20201204
49-TR1,1,1,1,1,1,0,0,20201005,20201023
4-TR1,1,1,1,1,1,0,0,20201005,20201204
50-TR1,1,1,1,1,1,0,0,20201005,20201204
51-TR1,1,1,1,1,1,0,0,20201005,20201204
52-TR1,1,1,1,1,1,0,0,20201005,20201204
53-TR1,1,1,1,1,1,0,0,20201005,20201204
54-TR1,1,1,1,1,1,0,0,20201005,20201204
56-TR1,1,1,1,1,1,0,0,20201005,20201204
57-TR1,1,1,1,1,1,0,0,20201005,20201204
58-TR1,1,1,1,1,1,0,0,20201005,20201204
59-TR1,1,1,1,1,1,0,0,20201005,20201204
5-TR1,1,1,1,1,1,0,0,20201005,20201204
61-TR1,1,1,1,1,1,0,0,20201005,20201204
62-TR1,1,1,1,1,1,0,0,20201005,20201204
63-TR1,1,1,1,1,1,0,0,20201005,20201204
64-TR1,1,1,1,1,1,0,0,20201005,20201204
65-TR1,1,1,1,1,1,0,0,20201005,20201204
6-TR1,1,1,1,1,1,0,0,20201005,20201204
70-TR1,1,1,1,1,1,0,0,20201005,20201130
71-TR1,1,1,1,1,1,0,0,20201005,20201204
72-TR1,1,1,1,1,1,0,0,20201005,20201204
73-TR1,1,1,1,1,1,0,0,20201005,20201204
74-TR1,1,1,1,1,1,0,0,20201005,20201204
75-TR1,1,1,1,1,1,0,0,20201005,20201204
76-TR1,1,1,1,1,1,0,0,20201005,20201204
77-TR1,1,1,1,1,1,0,0,20201005,20201204
78-TR1,1,1,1,1,1,0,0,20201005,20201204
79-TR1,1,1,1,1,1,0,0,20201005,20201204
7-TR1,1,1,1,1,1,0,0,20201005,20201204
80-TR1,1,1,1,1,1,0,0,20201005,20201204
81-TR1,1,1,1,1,1,0,0,20201005,20201204
82-TR1,1,1,1,1,1,0,0,20201005,20201204
83-TR1,1,1,1,1,1,0,0,20201005,20201204
84-TR1,1,1,1,1,1,0,0,20201005,20201204
85-TR1,1,1,1,1,1,0,0,20201005,20201204
86-TR1,1,1,1,1,1,0,0,20201005,20201204
87-TR1,1,1,1,1,1,0,0,20201005,20201204
88-TR1,1,1,1,1,1,0,0,20201005,20201204
89-TR1,1,1,1,1,1,0,0,20201005,20201204
8-TR1,1,1,1,1,1,0,0,20201005,20201204
90-TR1,1,1,1,1,1,0,0,20201005,20201204
91-TR1,1,1,1,1,1,0,0,20201005,20201204
92-TR1,1,1,1,1,1,0,0,20201005,20201204
93-TR1,1,1,1,1,1,0,0,20201005,20201204
94-TR1,1,1,1,1,1,0,0,20201005,20201204
95-TR1,1,1,1,1,1,0,0,20201005,20201204
96-TR1,1,1,1,1,1,0,0,20201005,20201204
97-TR1,1,1,1,1,1,0,0,20201005,20201204
98-TR1,1,1,1,1,1,0,0,20201005,20201204
99-TR1,1,1,1,1,1,0,0,20201005,20201204
9-TR1,1,1,1,1,1,0,0,20201005,20201204
