from_stop_id,to_stop_id,transfer_type,min_transfer_time
101078,101043,0,
100641,100608,0,
101079,101043,0,
101689,101688,0,
101606,101392,0,
101446,101392,0,
101607,101392,0,
101393,101392,0,
101445,101392,0,
102149,101392,0,
102010,101392,0,
100596,100468,0,
100579,100468,0,
100553,100468,0,
100545,100468,0,
100581,100468,0,
100544,100468,0,
100964,100963,0,
100543,100468,0,
101015,100963,0,
101017,100963,0,
100546,100468,0,
100554,100468,0,
100580,100468,0,
101635,101565,0,
101864,100620,0,
101400,101399,0,
101636,101565,0,
101633,101565,0,
101634,101565,0,
101834,101565,0,
101606,101386,0,
101672,101386,0,
101563,101386,0,
101638,101637,0,
101607,101386,0,
101823,101777,0,
101387,101386,0,
101702,101537,3,
101880,101318,0,
101329,101318,0,
101553,101318,0,
101319,101318,3,
101595,101297,0,
101616,101537,0,
101402,101297,3,
101701,101537,3,
101401,101297,3,
101594,101297,0,
101617,101537,0,
101878,101318,0,
101879,101318,0,
102155,101537,3,
101697,101537,3,
101298,101297,3,
102068,100975,0,
101669,101568,0,
101569,101568,0,
101793,101792,0,
101000,100999,0,
101802,101792,0,
101799,101792,0,
101796,101792,0,
101801,101792,0,
101795,101792,0,
101800,101792,0,
101794,101792,0,
101823,101792,0,
101462,100631,0,
101463,100631,0,
100632,100631,0,
100633,100631,0,
101405,100631,0,
101486,101485,3,
101406,100631,0,
101746,101745,0,
102123,102122,3,
102124,102122,3,
102181,100717,0,
102093,101844,0,
102166,100474,0,
100475,100474,0,
101846,101844,0,
101847,101844,0,
100476,100474,0,
101845,101844,0,
100998,100895,0,
100276,100271,0,
100997,100895,0,
100275,100271,0,
100272,100271,0,
100896,100895,0,
101266,101265,0,
101411,101265,0,
100904,100894,0,
101377,101265,0,
101172,101170,3,
101309,101265,0,
101173,101170,3,
101376,101265,0,
100967,100894,0,
101177,101170,3,
101582,101265,0,
101581,101265,0,
101412,101265,0,
100571,100570,0,
101178,101170,3,
100903,100894,0,
101308,101265,0,
102151,102040,0,
101687,101488,0,
101560,101488,0,
102070,102040,0,
101561,101488,0,
101686,101488,0,
101730,101703,0,
101710,101483,3,
101704,101703,0,
101853,101703,0,
101729,101703,0,
101764,101703,0,
101709,101483,3,
101392,101383,0,
101088,101036,0,
101680,101383,3,
101397,101383,0,
101053,101036,0,
101446,101383,0,
101158,101157,0,
102149,101383,0,
102010,101383,0,
101087,101036,0,
101086,101036,0,
101681,101383,0,
101393,101383,0,
101052,101036,0,
101445,101383,3,
100282,100281,0,
102095,102094,0,
102162,101843,0,
101038,101037,0,
102163,101843,0,
100060,100059,0,
100101,100100,0,
100417,100416,0,
100424,100416,0,
102114,100416,0,
101945,100100,0,
100676,100675,0,
101656,101654,0,
101655,101654,0,
101134,101133,0,
101792,101791,0,
101793,101791,0,
101802,101791,0,
101799,101791,0,
101796,101791,0,
101801,101791,0,
101795,101791,0,
101800,101791,0,
101794,101791,0,
101854,101615,0,
101853,101615,0,
101663,101615,0,
101726,101615,0,
101727,101615,0,
101411,101266,0,
101994,101885,0,
101377,101266,0,
101309,101266,0,
101581,101266,0,
101412,101266,0,
101308,101266,0,
101376,101266,0,
101886,101885,0,
101995,101885,0,
101582,101266,0,
101348,101346,0,
101438,101346,0,
101439,101346,0,
100685,100668,0,
101347,101346,0,
100696,100668,0,
100684,100668,0,
100669,100668,0,
101825,101346,0,
100697,100668,0,
101973,101969,0,
102052,101969,0,
101974,101969,0,
101674,101673,3,
101750,101673,0,
101749,101673,0,
100999,100811,0,
101000,100811,0,
100924,100811,0,
100923,100811,0,
100281,100142,0,
102029,101785,0,
100282,100142,0,
100199,100142,0,
101807,101785,0,
101187,101186,0,
101769,101700,0,
101768,101700,0,
100198,100142,3,
100203,100142,0,
101790,101785,0,
101808,101785,0,
101188,101186,0,
100200,100142,0,
102135,101659,0,
100197,100142,3,
100161,100142,0,
100204,100142,0,
101753,101700,0,
101754,101700,0,
101321,101320,0,
101395,101320,0,
101396,101320,0,
101496,101320,0,
101495,101320,3,
101443,101235,0,
101442,101235,0,
101749,101235,0,
101581,101411,0,
101548,101411,0,
101412,101411,0,
100524,100523,0,
101582,101411,0,
101743,101671,0,
100547,100506,3,
102176,101671,0,
101878,101671,0,
101879,101671,0,
101677,101671,0,
101763,101671,0,
100044,100043,0,
100460,100455,0,
100459,100455,0,
100482,100455,0,
100481,100455,0,
101693,101692,3,
101733,101692,3,
101731,101692,3,
100287,100274,0,
100288,100274,0,
102112,102110,0,
101513,100688,0,
101559,100688,0,
101559,101513,0,
101581,101513,0,
100689,100688,3,
101512,100688,0,
101582,101513,0,
101885,101641,0,
101994,101641,0,
101644,101641,3,
101733,101693,3,
101731,101693,3,
100255,100239,3,
101690,101641,0,
100240,100239,3,
100256,100239,3,
101886,101641,0,
101995,101641,0,
101691,101641,0,
100969,100939,3,
101191,101190,0,
100968,100939,0,
100785,100768,0,
100784,100768,0,
101003,100768,0,
100864,100768,0,
101004,100768,0,
100863,100768,0,
100793,100768,0,
100794,100768,0,
101523,101521,0,
101522,101521,0,
101524,101521,0,
101457,101242,0,
100208,100158,0,
100159,100158,0,
101624,101242,0,
101458,101242,0,
101243,101242,0,
101623,101242,0,
101557,101242,0,
100207,100158,0,
100890,100889,3,
101912,100050,0,
100451,100450,0,
101126,101125,0,
100148,100147,3,
101630,101530,0,
100917,100916,0,
101531,101530,0,
101694,101530,0,
101599,101530,0,
101598,101530,0,
102126,101105,0,
102125,101105,0,
100969,100876,3,
100877,100876,0,
100968,100876,0,
100333,100332,0,
100562,100332,0,
100754,100753,3,
100760,100753,0,
100563,100332,0,
100761,100753,0,
101954,100125,0,
102108,100125,0,
100191,100190,0,
102044,102039,0,
100212,100190,0,
100211,100190,0,
102045,102039,0,
100466,100465,3,
102146,101023,0,
100905,100904,0,
101607,101606,0,
100906,100904,0,
100967,100904,0,
101929,101904,0,
101918,101904,0,
100998,100766,0,
101885,101332,0,
101641,101332,0,
101644,101332,0,
100824,100766,0,
100997,100766,0,
101691,101332,0,
101690,101332,0,
100906,100766,0,
101639,101332,0,
101771,101332,0,
101886,101332,0,
101334,101332,0,
100825,100766,0,
101640,101332,0,
100767,100766,0,
101333,101332,0,
101770,101332,0,
100905,100766,0,
101297,101294,0,
101573,101294,0,
101560,101294,0,
100591,100578,0,
101556,101294,0,
101595,101294,0,
101298,101294,0,
101572,101294,0,
101561,101294,0,
101061,101060,0,
101594,101294,0,
100286,100278,0,
100279,100278,3,
101565,101515,0,
101635,101515,0,
101636,101515,0,
101633,101515,0,
101516,101515,0,
101634,101515,0,
101834,101515,0,
100955,100804,3,
101012,100804,0,
101002,100804,0,
100954,100804,3,
101011,100804,0,
100805,100804,3,
101001,100804,0,
102110,100401,3,
100431,100401,3,
102176,101874,0,
100518,100517,0,
100402,100401,3,
101987,100401,0,
100432,100401,0,
100603,100517,0,
102112,100401,0,
100719,100718,0,
101523,101479,0,
100281,100199,0,
100282,100199,0,
101627,101625,0,
100243,100199,0,
102150,101625,0,
100244,100199,0,
100200,100199,0,
100649,100626,0,
100644,100626,0,
100685,100626,0,
100650,100626,0,
100643,100626,0,
100684,100626,0,
100670,100626,0,
102029,101807,0,
100419,100391,0,
100505,100391,0,
100504,100391,0,
100418,100391,0,
101192,101185,0,
101819,101773,0,
101808,101807,0,
101820,101773,0,
102030,101773,0,
102152,101773,0,
100392,100391,0,
101439,101348,0,
101824,101348,0,
101825,101348,0,
101059,101058,0,
100990,100989,0,
101890,100989,0,
100494,100443,0,
101730,101331,0,
101395,101331,0,
101481,101331,0,
101396,101331,0,
101729,101331,0,
101353,101331,0,
101480,101331,0,
102087,102084,3,
100495,100443,0,
101728,101331,0,
100966,100965,0,
101681,101680,3,
102149,101680,0,
102010,101680,0,
102110,100431,0,
101987,100431,0,
100432,100431,0,
102112,100431,0,
101467,101409,0,
101466,101409,0,
101439,101438,0,
102133,101438,0,
101410,101409,0,
100909,100908,0,
101162,100908,0,
101762,101761,3,
100955,100819,0,
100924,100819,0,
102100,100178,0,
100923,100819,0,
100954,100819,0,
100850,100819,0,
102101,100178,0,
100849,100819,0,
101351,101289,0,
101290,101289,3,
101822,101821,0,
101671,101206,0,
101874,101206,0,
101743,101206,0,
101609,101206,0,
101327,101206,0,
101887,100149,0,
101670,101206,0,
100495,100494,0,
101296,101206,0,
101295,101206,0,
101608,101206,0,
101326,101206,0,
102176,101206,0,
101878,101206,0,
101879,101206,0,
101677,101206,0,
101331,101256,0,
101330,101256,0,
101730,101256,0,
100724,100710,0,
101395,101256,0,
101258,101256,0,
100711,100710,3,
101257,101256,0,
101728,101256,0,
101481,101256,0,
100725,100710,0,
101396,101256,0,
101729,101256,0,
101353,101256,0,
101480,101256,0,
100692,100614,3,
100617,100614,3,
100618,100614,3,
100694,100614,3,
100695,100614,3,
100663,100614,3,
100693,100614,3,
100630,100629,3,
100673,100629,0,
100674,100629,0,
101604,101562,0,
101027,101026,3,
101893,101562,0,
101576,101562,3,
101605,101562,0,
100744,100743,3,
100752,100743,0,
100745,100743,3,
100746,100743,3,
100751,100743,0,
101315,101241,3,
101719,101241,0,
100505,100419,0,
100504,100419,0,
101718,101241,0,
101721,101241,0,
101720,101241,0,
101620,101241,3,
101894,101611,0,
101884,101611,0,
102094,101848,0,
101869,100606,0,
102093,101848,0,
101446,101397,3,
102095,101848,0,
101445,101397,3,
102149,101397,0,
102010,101397,0,
101310,101238,0,
101474,101238,0,
101802,101793,0,
101756,101238,0,
101799,101793,0,
101796,101793,0,
101801,101793,0,
101795,101793,0,
101800,101793,0,
101755,101238,0,
101794,101793,3,
101855,101831,0,
101344,101343,0,
101527,101343,0,
101884,101343,0,
101761,101707,0,
101927,101909,0,
101708,101707,0,
101921,101909,0,
101762,101707,0,
101369,101338,3,
101339,101338,3,
101587,101338,0,
101368,101338,3,
101588,101338,0,
101375,101338,0,
101374,101338,0,
100449,100344,0,
101463,101462,0,
100737,100731,0,
100527,100344,0,
100733,100731,0,
100482,100344,0,
100738,100731,0,
100345,100344,0,
100481,100344,0,
100528,100344,0,
100121,100120,0,
100683,100682,0,
101955,100093,0,
100128,100093,0,
101963,100093,0,
101951,100093,0,
101943,100093,0,
100094,100093,0,
101953,100093,0,
101995,101994,3,
100248,100247,0,
101366,101365,3,
101133,101130,0,
100552,100449,0,
100455,100449,3,
100551,100449,0,
101143,101130,0,
100527,100449,0,
100482,100449,0,
100481,100449,0,
101134,101130,0,
100528,100449,0,
101483,101425,3,
101331,101330,0,
101848,101635,0,
102093,101635,0,
100731,100730,0,
101730,101330,0,
101426,101425,3,
101834,101635,0,
101728,101330,0,
101353,101330,0,
101480,101330,0,
100733,100730,0,
101336,101330,0,
100738,100730,0,
101482,101425,3,
101395,101330,0,
101636,101635,3,
101481,101330,0,
102095,101635,0,
100737,100730,0,
101396,101330,0,
101982,100549,0,
100247,100182,0,
100936,100912,0,
100914,100912,0,
100913,100912,0,
100248,100182,0,
102041,102036,0,
101432,101431,3,
102114,100510,0,
101885,101644,0,
101994,101644,0,
102129,101687,0,
100687,100686,0,
102012,101687,0,
101690,101644,0,
101995,101644,0,
101691,101644,0,
102128,101687,0,
102115,100452,0,
100496,100452,0,
100497,100452,0,
102013,101687,0,
101886,101644,0,
101395,101321,0,
101496,101321,0,
101495,101321,0,
100932,100931,0,
101624,101457,0,
101458,101457,0,
101623,101457,0,
101759,101316,0,
101418,101316,0,
100575,100574,0,
101760,101316,0,
101558,101316,0,
101317,101316,0,
101613,101280,0,
101281,101280,0,
101769,101280,0,
101768,101280,0,
100930,100777,0,
100362,100347,3,
100929,100777,0,
100348,100347,3,
100361,100347,3,
100699,100678,0,
100994,100993,0,
100679,100678,0,
100698,100678,0,
102069,100984,0,
100985,100984,0,
100988,100984,0,
101567,101460,0,
101471,101460,0,
101461,101460,0,
101566,101460,0,
102129,101675,0,
102012,101675,0,
101676,101675,3,
102128,101675,0,
101088,101053,0,
102169,101501,3,
101502,101501,3,
101753,101501,0,
101754,101501,0,
101087,101053,0,
102165,101501,3,
101086,101053,0,
100713,100712,0,
101621,101501,3,
102180,101501,0,
102179,101501,0,
101622,101501,3,
100290,100289,0,
100976,100926,3,
101013,100926,3,
101090,101075,0,
100940,100926,3,
100225,100165,3,
100977,100926,3,
100941,100926,0,
100226,100165,3,
101041,101032,0,
101089,101075,0,
100166,100165,3,
101042,101032,0,
101099,101032,0,
100468,100398,0,
102159,101924,0,
102089,102088,0,
102113,100398,0,
100467,100398,0,
100579,100398,0,
100496,100398,0,
100497,100398,0,
100580,100398,0,
100582,100398,0,
100569,100568,3,
100545,100398,0,
100581,100398,0,
100544,100398,0,
100543,100398,0,
100546,100398,0,
100202,100201,0,
102123,102120,3,
102124,102120,3,
100246,100201,0,
100261,100201,0,
100245,100201,0,
101593,101543,0,
100277,100276,0,
101544,101543,0,
101592,101543,0,
100960,100957,0,
100959,100957,0,
100958,100957,0,
101609,101472,0,
101608,101472,0,
101657,101472,3,
101629,101472,0,
101694,101472,0,
101658,101472,3,
101473,101472,0,
100507,100409,0,
102103,102102,3,
101822,101789,0,
101821,101789,0,
101829,101789,0,
101827,101789,0,
101828,101789,0,
101812,101789,0,
101826,101789,0,
101811,101789,0,
101824,101789,0,
100552,100551,0,
100448,100441,0,
100533,100441,0,
102136,100441,0,
101717,101603,0,
100246,100202,0,
100245,100202,0,
100515,100464,3,
100482,100460,0,
100481,100460,0,
100576,100404,0,
101661,101443,0,
100460,100437,0,
100368,100342,0,
102174,100342,0,
100343,100342,0,
102143,100342,0,
100438,100437,0,
100601,100342,0,
100602,100342,0,
102126,101104,0,
101105,101104,3,
100731,100724,0,
100730,100724,0,
101472,101248,0,
101578,101248,0,
101473,101248,0,
101978,101967,3,
101968,101967,3,
102182,101967,3,
101337,101248,0,
101353,101248,0,
101336,101248,0,
101657,101248,0,
101629,101248,0,
101658,101248,0,
100738,100724,0,
100725,100724,0,
100737,100724,0,
101977,101967,3,
102125,101104,0,
102183,101967,3,
101976,101967,3,
101528,101455,0,
101529,101455,0,
101648,101455,0,
101456,101455,0,
100590,100557,0,
100600,100557,0,
100972,100962,0,
100151,100148,3,
102155,101702,3,
100919,100839,0,
100918,100839,0,
101485,101246,3,
101185,101167,0,
101397,101246,0,
101172,101167,0,
101180,101167,0,
101373,101246,3,
101247,101246,3,
101486,101246,3,
101175,101167,3,
101192,101167,0,
101182,101167,0,
101183,101167,0,
101174,101167,3,
101026,100826,3,
101474,101310,3,
101756,101474,0,
101738,101310,3,
101738,101474,3,
101770,101474,3,
100827,100826,3,
101475,101310,3,
101475,101474,3,
101737,101310,3,
101737,101474,3,
101755,101474,0,
101771,101474,3,
101719,101706,0,
101718,101706,0,
101720,101706,0,
100596,100586,0,
100595,100586,0,
100598,100586,0,
100597,100586,0,
101625,101619,0,
102084,102083,3,
101627,101619,0,
102086,102083,3,
102150,101619,0,
102087,102083,3,
101982,100427,0,
100549,100427,0,
100428,100427,0,
100548,100427,0,
100274,100273,0,
100494,100373,0,
100287,100273,0,
100288,100273,0,
100495,100373,0,
100288,100287,3,
100334,100319,0,
100043,100041,0,
100044,100041,0,
101431,101262,3,
101730,101395,0,
101432,101262,3,
100042,100041,0,
101396,101395,0,
101729,101395,0,
101480,101395,0,
101728,101395,0,
100056,100055,0,
101748,101649,0,
101650,101649,0,
101680,101446,3,
101681,101446,3,
102149,101446,0,
102010,101446,0,
101013,100976,3,
100977,100976,3,
100934,100928,0,
101877,101710,3,
101018,100976,0,
101019,100976,0,
101749,101710,0,
101876,101710,3,
102068,100976,0,
100590,100559,0,
100933,100928,0,
100589,100559,0,
101750,101710,0,
100987,100986,3,
101411,101377,0,
101649,101196,0,
101057,101033,0,
101034,101033,0,
101584,101196,0,
101417,101377,0,
101079,101033,0,
101583,101196,0,
101920,100038,0,
101416,101196,0,
101760,101377,0,
101732,101377,0,
101433,101377,0,
101910,100038,0,
101911,100038,0,
101895,101377,0,
101056,101033,0,
101415,101196,0,
101434,101377,0,
101147,101033,0,
101146,101033,0,
101078,101033,0,
101928,100038,0,
101759,101377,0,
101650,101196,0,
101548,101377,0,
101418,101377,0,
101412,101377,0,
100260,100167,0,
100073,100072,0,
101936,100072,0,
100695,100692,3,
100083,100072,0,
100082,100072,0,
100259,100167,0,
100168,100167,3,
100693,100692,3,
102039,102038,0,
100542,100371,3,
102044,102038,0,
102045,102038,0,
100736,100735,0,
101161,101129,3,
101152,101151,3,
101657,101578,3,
101658,101578,3,
101567,101535,3,
101672,101563,0,
102129,101535,0,
100565,100564,0,
102012,101535,0,
102177,101198,0,
101380,101198,3,
101740,101198,3,
101566,101535,0,
101739,101198,3,
102013,101535,0,
101497,101198,3,
102178,101198,0,
101381,101198,3,
101498,101198,3,
102145,100564,0,
102128,101535,0,
102127,101116,0,
101423,101422,0,
101604,101422,0,
100752,100744,0,
101553,101422,0,
100745,100744,3,
100746,100744,3,
100751,100744,0,
101576,101422,0,
101605,101422,0,
101881,101422,0,
101882,101422,0,
102088,101684,0,
102017,102016,0,
101685,101684,3,
100519,100316,0,
102068,101013,0,
100550,100542,3,
100520,100316,0,
101717,101716,3,
101155,101154,0,
101875,101449,0,
101504,101449,0,
101503,101449,0,
101451,101449,0,
101450,101449,0,
101184,101176,0,
101505,101449,0,
101802,101799,0,
101988,100394,0,
101801,101799,0,
101800,101799,0,
101982,100428,0,
101185,101172,3,
100606,100605,0,
100549,100428,0,
101180,101172,0,
100253,100223,3,
100254,100223,3,
101173,101172,3,
101931,100032,0,
100548,100428,0,
100224,100223,3,
102067,100032,0,
101948,100099,0,
101653,101526,0,
100895,100824,0,
100998,100824,0,
100120,100096,0,
100672,100671,3,
100997,100824,0,
100825,100824,0,
100121,100096,0,
102171,102170,0,
101942,100096,0,
100896,100824,0,
100537,100536,3,
101597,101596,0,
101040,101039,0,
101643,101642,0,
101188,101187,0,
100229,100218,0,
100230,100218,0,
100894,100893,0,
100904,100893,0,
100157,100156,0,
100903,100893,0,
100967,100893,0,
102160,100893,0,
101954,101947,0,
102108,101947,3,
100552,100433,0,
100455,100433,0,
100449,100433,0,
100460,100433,0,
100459,100433,0,
100434,100433,0,
100481,100433,0,
101391,101390,0,
100804,100802,3,
100955,100802,3,
100924,100802,0,
100923,100802,0,
100954,100802,3,
100805,100802,3,
100803,100802,3,
101647,101528,0,
101529,101528,0,
101767,101766,0,
101648,101528,0,
102077,101955,0,
100268,100250,0,
102076,101955,0,
100267,100250,0,
102078,101955,0,
101026,101012,0,
101619,101573,0,
101027,101012,0,
101595,101573,0,
101618,101573,0,
101594,101573,0,
100250,100249,3,
100268,100249,0,
100267,100249,0,
101874,101508,0,
101660,101508,0,
101528,101508,0,
101647,101508,0,
101529,101508,0,
100992,100930,0,
101648,101508,0,
100991,100930,0,
101509,101508,0,
101157,101091,0,
100657,100642,0,
101092,101091,3,
101648,101647,3,
102041,102020,0,
102042,102020,0,
102043,102020,0,
100405,100354,0,
102174,100368,0,
100335,100334,0,
100420,100334,0,
100550,100368,3,
100601,100368,0,
100602,100368,0,
101492,101491,3,
101532,101491,3,
101881,101880,0,
101882,101880,0,
101909,101897,0,
100356,100355,0,
101467,101408,0,
101466,101408,0,
101927,101897,0,
101156,101155,0,
101484,101408,3,
102097,101897,0,
101922,101897,0,
101677,101408,3,
102105,101897,0,
100717,100172,0,
102181,100172,0,
100219,100172,0,
100220,100172,0,
101562,101423,0,
101248,101209,0,
101604,101423,0,
101210,101209,0,
101576,101423,0,
101353,101209,0,
101337,101209,0,
101882,101423,0,
101336,101209,0,
101657,101209,0,
101629,101209,0,
101658,101209,0,
101605,101423,0,
101881,101423,0,
100947,100946,3,
101025,100946,3,
101024,100946,3,
100836,100808,0,
100809,100808,0,
101122,101121,0,
101673,101490,0,
100955,100924,0,
101491,101372,3,
101676,101490,0,
101492,101372,3,
101538,101372,0,
101749,101490,0,
101724,101287,0,
101674,101490,0,
101750,101490,0,
101288,101287,0,
101651,101490,0,
101540,101372,0,
101375,101287,0,
101725,101287,0,
100954,100924,0,
101652,101490,0,
101539,101372,0,
101541,101372,0,
101603,101263,0,
101716,101263,0,
101717,101263,0,
101892,101263,0,
101891,101263,0,
101595,101560,0,
101264,101263,0,
101602,101263,0,
101561,101560,0,
101594,101560,0,
100514,100513,3,
100998,100997,0,
102041,102035,0,
102036,102035,0,
102145,100565,0,
101411,101309,0,
101996,100649,0,
101405,101309,0,
101412,101309,0,
100650,100649,0,
101406,101309,0,
100670,100649,0,
100474,100425,0,
102166,100425,0,
100475,100425,0,
100476,100425,0,
100592,100591,0,
101118,101117,3,
100626,100621,0,
100649,100621,0,
100644,100621,0,
100667,100621,0,
100685,100621,0,
100650,100621,0,
100622,100621,0,
100643,100621,0,
100684,100621,0,
100625,100621,0,
100670,100621,0,
100901,100799,0,
101346,101345,0,
101348,101345,0,
101438,101345,0,
101075,101074,0,
101090,101074,0,
101439,101345,0,
101089,101074,0,
101347,101345,0,
101745,101268,0,
102129,102012,0,
101467,101466,0,
100533,100448,0,
100108,100076,3,
101271,101268,0,
102136,100448,0,
102013,102012,0,
101540,101268,3,
100077,100076,0,
102144,100448,0,
101539,101268,0,
102128,102012,0,
101541,101268,0,
100109,100076,0,
101269,101268,0,
101746,101268,0,
101538,101268,3,
101420,101268,3,
101419,101268,3,
101270,101268,3,
101593,101544,0,
102069,100985,0,
100988,100985,0,
101592,101544,0,
100202,100186,0,
102170,101613,0,
102185,100186,0,
100354,100353,0,
102184,100186,0,
101147,101057,0,
101146,101057,0,
101078,101057,0,
101079,101057,0,
102171,101613,0,
101969,101551,0,
101659,101551,0,
102107,100122,0,
100443,100442,0,
101431,101261,3,
101262,101261,3,
101552,101551,0,
102135,101551,0,
101432,101261,3,
100470,100442,0,
100123,100122,0,
102052,101551,0,
100469,100442,0,
100281,100197,0,
100282,100197,0,
102016,102014,0,
102016,102015,0,
100649,100644,0,
102015,102014,0,
102017,102015,3,
102043,102014,0,
102043,102015,3,
100684,100644,3,
100214,100197,3,
100670,100644,0,
100213,100197,3,
100198,100197,3,
100685,100644,3,
100650,100644,3,
102042,102014,0,
102017,102014,0,
101848,101636,0,
102093,101636,0,
102095,101636,0,
100262,100208,0,
100261,100208,0,
101847,101636,0,
101845,101636,0,
101834,101636,0,
100895,100825,0,
100998,100825,0,
101730,101704,0,
100997,100825,0,
101729,101704,0,
101764,101704,0,
100896,100825,0,
101955,100128,0,
102077,100128,0,
101951,100128,0,
102097,101927,0,
102076,100128,0,
101939,101938,0,
101874,101743,0,
102176,101743,3,
101878,101743,0,
101879,101743,0,
101763,101743,0,
102129,101676,0,
101706,101315,0,
102012,101676,0,
101705,101315,0,
101424,101315,3,
102128,101676,0,
101750,101676,0,
101620,101315,3,
101185,101180,0,
101462,100632,0,
101463,100632,0,
100633,100632,0,
101405,100632,0,
100264,100187,0,
101406,100632,0,
100195,100187,0,
100196,100187,0,
100265,100187,0,
100262,100187,0,
101192,101180,0,
101182,101180,0,
100263,100187,0,
101183,101180,0,
100266,100187,0,
101331,101258,0,
101330,101258,0,
101730,101258,0,
100028,100027,0,
101395,101258,0,
101057,101034,0,
101079,101034,0,
100697,100630,3,
100674,100630,0,
101728,101481,0,
101728,101258,0,
100673,100630,0,
101146,101034,0,
101353,101258,0,
101480,101258,0,
100696,100630,3,
101078,101034,0,
101481,101258,0,
101112,101030,0,
101056,101034,0,
101396,101258,0,
101147,101034,0,
101729,101258,0,
101601,101600,0,
101885,101640,0,
101641,101640,0,
101994,101640,0,
101644,101640,0,
101596,101324,0,
101690,101640,0,
101886,101640,0,
101995,101640,0,
101325,101324,0,
101691,101640,0,
101706,101705,0,
102166,100475,0,
100476,100475,0,
100281,100161,0,
100282,100161,0,
101869,100616,0,
100204,100161,0,
100257,100161,0,
100258,100161,0,
100203,100161,0,
101868,100616,0,
100162,100161,0,
101706,101604,0,
101705,101604,0,
101752,101751,0,
101804,101751,0,
101803,101751,0,
101605,101604,0,
100304,100303,0,
101646,101645,0,
100998,100767,0,
100824,100767,0,
100997,100767,0,
100825,100767,0,
100905,100767,0,
101861,100491,0,
100906,100767,0,
100277,100275,0,
100281,100141,0,
100142,100141,3,
100282,100141,0,
100199,100141,0,
100276,100275,0,
100197,100141,3,
100161,100141,0,
100204,100141,0,
100198,100141,3,
100203,100141,0,
100200,100141,0,
100386,100385,0,
101905,100048,0,
102029,101780,0,
101785,101780,0,
101807,101780,0,
102124,102123,3,
101631,101630,0,
101790,101780,0,
101808,101780,0,
101820,101780,0,
101781,101780,0,
101587,101369,0,
101942,101941,0,
100753,100748,3,
101759,101417,0,
101418,101417,0,
100754,100748,3,
100749,100748,0,
100750,100748,3,
101895,101417,0,
102148,101417,0,
100760,100748,0,
101760,101417,0,
102147,101417,0,
101732,101417,0,
100761,100748,0,
101558,101417,0,
102084,100739,0,
100752,100739,0,
100740,100739,0,
101077,101076,0,
100763,100739,0,
101131,101076,0,
100762,100739,0,
100614,100613,3,
100692,100613,3,
100617,100613,3,
100618,100613,3,
100694,100613,3,
100695,100613,3,
100663,100613,3,
100693,100613,3,
100474,100388,0,
100425,100388,0,
102166,100388,0,
100475,100388,0,
100476,100388,0,
101896,101735,3,
101765,101735,3,
100939,100815,0,
101417,101306,0,
100981,100815,0,
101418,101306,0,
100980,100815,0,
100979,100815,0,
101307,101306,3,
100597,100596,0,
102147,101306,3,
101732,101306,3,
100978,100815,0,
101895,101306,3,
100598,100596,0,
102148,101306,3,
101926,100035,0,
100037,100035,0,
102185,100175,0,
100186,100175,0,
100176,100175,3,
102184,100175,0,
100286,100175,0,
100185,100175,0,
100285,100175,0,
100522,100521,3,
100277,100233,0,
101318,101223,0,
100271,100233,0,
100276,100233,0,
101578,101223,0,
100275,100233,0,
101224,101223,0,
101225,101223,0,
101328,101223,0,
101876,101511,3,
100234,100233,0,
101226,101223,0,
101621,101511,3,
101577,101223,0,
101622,101511,3,
100272,100233,0,
101329,101223,0,
101420,101223,0,
101319,101223,0,
101877,101511,3,
101419,101223,0,
101827,101809,0,
101018,100996,0,
101019,100996,0,
101810,101809,0,
101817,101809,0,
101826,101809,0,
101818,101809,0,
102091,101809,0,
100869,100868,0,
101721,101719,0,
101720,101719,0,
101287,101274,0,
101770,101738,3,
101892,101274,0,
101891,101274,0,
101277,101274,0,
101725,101274,0,
101275,101274,0,
101771,101738,3,
101276,101274,0,
101288,101274,0,
100957,100785,0,
102185,100176,0,
100186,100176,0,
101003,100785,0,
100813,100795,0,
102184,100176,0,
100958,100785,0,
100794,100785,0,
100286,100176,0,
100185,100176,0,
100920,100785,0,
100285,100176,0,
101007,100795,0,
100959,100785,0,
100960,100785,0,
100864,100785,0,
101004,100785,0,
100797,100795,0,
100863,100785,0,
100812,100795,0,
100506,100367,3,
100699,100681,0,
100547,100367,3,
100698,100681,0,
100473,100367,3,
101532,101492,3,
101530,101312,0,
101332,101300,0,
101660,101529,0,
101756,101300,0,
101647,101529,0,
101738,101300,0,
101334,101300,0,
101663,101312,0,
101755,101300,0,
101599,101312,0,
101598,101312,0,
101771,101300,0,
101727,101312,0,
101333,101300,0,
101770,101300,0,
101475,101300,0,
101531,101312,0,
101648,101529,0,
101737,101300,0,
102159,102140,0,
100276,100272,0,
100275,100272,0,
102141,102140,3,
102136,100533,0,
102078,102077,3,
101565,101303,0,
101515,101303,0,
100861,100860,3,
101635,101303,0,
100976,100940,3,
101013,100940,3,
101361,101303,0,
101834,101303,0,
101632,101303,0,
100973,100940,0,
100941,100940,0,
101414,101303,0,
101633,101303,0,
101516,101303,0,
101413,101303,0,
101304,101303,0,
101634,101303,0,
101363,101303,0,
101011,100860,3,
101362,101303,0,
101514,101303,0,
102068,100940,0,
100062,100061,0,
101636,101303,0,
102095,101303,0,
100977,100940,3,
101018,100940,0,
101364,101303,0,
101019,100940,0,
100677,100647,3,
101601,101575,0,
100648,100647,3,
100957,100784,0,
100785,100784,0,
101003,100784,0,
100960,100784,0,
100864,100784,0,
101004,100784,0,
100863,100784,0,
100920,100784,0,
100959,100784,0,
100958,100784,0,
100794,100784,0,
102117,102116,0,
100396,100395,3,
101582,101581,0,
102169,101896,0,
100939,100769,0,
101091,101071,3,
101117,101071,3,
100815,100769,0,
101118,101071,3,
100770,100769,0,
101092,101071,3,
100936,100769,0,
100938,100769,0,
100775,100769,0,
100774,100769,0,
100937,100769,0,
100814,100769,0,
101700,101699,0,
102169,101699,0,
101753,101699,0,
101754,101699,0,
101769,101699,0,
102180,101699,0,
102179,101699,0,
102165,101699,0,
101768,101699,0,
101710,101441,3,
101511,101441,3,
101877,101441,3,
101510,101441,3,
101876,101441,3,
100503,100502,0,
101621,101441,3,
101709,101441,3,
100649,100612,0,
100650,100612,3,
102093,101846,0,
100306,100305,0,
101847,101846,0,
100975,100881,0,
100984,100881,0,
100985,100881,0,
100562,100333,0,
100563,100333,0,
100944,100881,0,
100974,100881,0,
100517,100446,0,
101955,101951,0,
102077,101951,0,
101963,101951,0,
100518,100446,0,
100837,100773,0,
100790,100773,0,
100604,100446,3,
100447,100446,3,
101953,101951,0,
100603,100446,3,
101761,101356,3,
101357,101356,3,
101762,101356,3,
101498,101356,3,
101497,101356,3,
100989,100981,0,
100721,100720,0,
102177,102169,0,
102178,102169,0,
100990,100981,0,
101890,100981,0,
102180,102169,0,
102179,102169,0,
100468,100397,0,
101885,101333,0,
101641,101333,0,
101644,101333,0,
100398,100397,0,
102113,100397,0,
101691,101333,0,
100582,100397,0,
101639,101333,0,
101771,101333,3,
100496,100397,0,
100580,100397,0,
101886,101333,0,
101334,101333,0,
100581,100397,0,
100544,100397,0,
100543,100397,0,
101690,101333,0,
101737,101333,3,
100546,100397,0,
101640,101333,0,
101738,101333,3,
100467,100397,0,
101770,101333,3,
100579,100397,0,
100545,100397,0,
100962,100800,0,
100961,100800,0,
100801,100800,0,
100972,100800,0,
100468,100467,0,
100568,100477,3,
100596,100467,0,
100579,100467,0,
100553,100467,0,
100569,100477,3,
100580,100467,0,
100478,100477,3,
100582,100467,0,
100545,100467,0,
100581,100467,0,
100544,100467,0,
100595,100467,0,
100543,100467,0,
100554,100467,0,
100815,100770,0,
102082,100755,0,
100936,100770,0,
100938,100770,0,
100775,100770,0,
102081,100755,0,
100814,100770,0,
100115,100107,0,
100756,100755,0,
101004,101003,3,
100774,100770,0,
100127,100107,0,
100937,100770,0,
100114,100107,0,
101950,100107,0,
100108,100103,0,
100109,100103,0,
101745,101271,0,
101578,101271,0,
101746,101271,0,
101420,101271,0,
101419,101271,0,
100109,100108,0,
101577,101271,0,
102069,100988,0,
101140,101139,0,
101880,101459,0,
100208,100159,0,
101747,101459,3,
101553,101459,0,
100207,100159,3,
101018,100988,0,
101019,100988,0,
101576,101459,3,
101881,101459,0,
101713,101459,3,
101882,101459,0,
100284,100253,0,
102039,102027,0,
102038,102027,0,
100283,100253,0,
100254,100253,3,
102044,102027,0,
102030,102027,0,
102152,102027,0,
102045,102027,0,
100125,100124,0,
101947,100124,0,
101954,100124,0,
102108,100124,0,
101946,100124,0,
102103,101786,3,
101787,101786,3,
101002,100921,3,
100922,100921,3,
102172,101859,0,
101001,100921,3,
100278,100225,3,
100226,100225,3,
102072,100060,0,
100279,100225,3,
101804,101752,0,
102162,101833,0,
101803,101752,0,
102175,101833,0,
102163,101833,0,
101671,101327,0,
101874,101327,0,
102151,102021,0,
101508,101327,0,
101743,101327,0,
102176,101327,0,
101677,101327,0,
102022,102021,0,
101670,101327,0,
101509,101327,0,
101185,101166,0,
101167,101166,3,
101172,101166,0,
101180,101166,0,
101175,101166,3,
101192,101166,0,
101182,101166,0,
101183,101166,0,
101174,101166,3,
101893,101883,0,
101331,101254,0,
101256,101254,0,
101330,101254,0,
101730,101254,0,
101395,101254,0,
101258,101254,0,
101771,101770,3,
101728,101254,0,
101255,101254,0,
100067,100066,0,
101481,101254,0,
101396,101254,0,
101729,101254,0,
101353,101254,0,
101480,101254,0,
101257,101254,0,
100250,100151,3,
100249,100151,3,
100232,100151,0,
100268,100151,0,
100231,100151,0,
100906,100905,0,
100267,100151,0,
101318,101203,0,
101422,101203,0,
101880,101203,0,
101423,101203,0,
101223,101203,0,
101553,101203,0,
101882,101203,0,
101319,101203,0,
101204,101203,0,
101226,101203,0,
101881,101203,0,
101224,101203,0,
101225,101203,0,
101698,101370,3,
101186,101163,0,
100692,100617,3,
101176,101163,0,
100618,100617,3,
100664,100617,3,
101188,101163,0,
101164,101163,0,
100663,100617,3,
100693,100617,3,
101449,101447,0,
101875,101447,0,
101504,101447,0,
101503,101447,0,
101451,101447,0,
101450,101447,0,
101448,101447,0,
101505,101447,0,
101170,101169,3,
101761,101708,0,
102134,102133,0,
101894,101507,3,
100912,100911,0,
101172,101169,3,
101622,101502,3,
102165,101502,3,
101884,101507,0,
101527,101507,3,
101621,101502,3,
101016,100911,0,
102180,101502,0,
101177,101169,3,
102179,101502,0,
101178,101169,3,
100913,100911,0,
101015,100911,0,
100366,100365,3,
101017,100911,0,
101173,101169,3,
102169,101502,3,
101753,101502,0,
101754,101502,0,
101610,101507,0,
101014,100911,0,
100914,100911,0,
101654,101385,0,
101656,101385,0,
101526,101385,0,
101533,101385,0,
101655,101385,0,
101678,101385,0,
101679,101385,0,
101525,101385,0,
101003,100875,0,
101843,101842,0,
102162,101842,0,
102163,101842,0,
100535,100534,3,
100839,100838,0,
100918,100838,0,
100900,100899,0,
101745,101269,0,
101578,101269,0,
101271,101269,0,
101746,101269,0,
101538,101269,0,
101420,101269,0,
101419,101269,0,
101270,101269,0,
101577,101269,0,
100868,100865,0,
100866,100865,0,
100867,100865,3,
100869,100865,0,
101158,101156,0,
101130,101095,0,
101096,101095,0,
101143,101095,0,
101760,101759,3,
101895,101759,0,
101160,101095,0,
101537,101349,3,
101462,100633,0,
101702,101349,3,
101463,100633,0,
101584,101403,0,
101405,100633,0,
101667,101349,3,
101404,101403,0,
101477,101349,3,
101536,101349,3,
101666,101349,3,
102155,101349,3,
101476,101349,3,
101406,100633,0,
101701,101349,3,
101583,101403,0,
100394,100393,3,
101988,100393,0,
102142,102096,0,
102084,100740,0,
100629,100609,0,
101748,101650,0,
101472,101329,0,
101578,101329,0,
100630,100609,0,
100697,100609,0,
100674,100609,0,
100582,100579,0,
100610,100609,0,
100762,100740,0,
101473,101329,0,
100669,100609,0,
100580,100579,0,
101577,101329,0,
100673,100609,0,
100595,100579,0,
101878,101329,0,
101879,101329,0,
100763,100740,0,
100696,100609,0,
100596,100579,0,
101609,101329,0,
100752,100740,0,
101608,101329,0,
100581,100579,0,
100584,100579,0,
100692,100618,3,
100664,100618,3,
100663,100618,3,
100693,100618,3,
101013,100977,3,
102154,102153,0,
102068,100977,0,
101603,101585,0,
101716,101585,3,
101717,101585,3,
101712,101585,3,
101711,101585,3,
101602,101585,0,
101586,101585,3,
101802,101796,0,
101801,101796,0,
101945,100101,0,
100239,100138,0,
100559,100558,3,
100139,100138,0,
100255,100138,0,
100240,100138,0,
100256,100138,0,
101007,100813,0,
100589,100558,0,
100140,100138,0,
101814,101813,0,
100239,100170,0,
100273,100170,0,
100287,100170,0,
100288,100170,0,
100240,100170,0,
100554,100553,0,
101462,101405,0,
100250,100237,0,
100249,100237,0,
101463,101405,0,
102183,100237,0,
100268,100237,0,
100267,100237,0,
101406,101405,0,
100238,100237,0,
102182,100237,0,
102134,101468,0,
101707,101305,0,
101708,101305,0,
101470,101468,0,
101469,101468,0,
100668,100667,0,
100685,100667,0,
101678,101538,0,
100696,100667,0,
101539,101538,0,
101541,101538,0,
100684,100667,0,
100669,100667,0,
101679,101538,0,
101540,101538,3,
100697,100667,0,
100670,100667,0,
101116,101115,0,
102127,101115,0,
102101,102100,0,
101703,101504,0,
101704,101504,0,
101875,101504,0,
101764,101504,0,
101505,101504,0,
101107,101106,0,
101581,101548,0,
101759,101548,0,
101760,101548,0,
101582,101548,0,
101688,101494,0,
100962,100961,0,
101766,101494,0,
101767,101494,0,
101689,101494,0,
100972,100961,0,
102185,102184,3,
102150,101627,0,
101578,101420,3,
101118,101080,3,
101759,101418,0,
101746,101420,0,
101081,101080,3,
100486,100485,0,
101577,101420,3,
100823,100822,0,
102148,101418,0,
100913,100822,0,
101760,101418,0,
101732,101418,0,
102147,101418,0,
101558,101418,0,
101895,101418,0,
100284,100243,0,
101880,101553,0,
100253,100243,0,
101878,101553,0,
101879,101553,0,
100244,100243,0,
101881,101553,0,
101763,101553,0,
101882,101553,0,
100441,100320,0,
100533,100320,0,
100800,100792,0,
101609,101608,0,
101878,101608,0,
101879,101608,0,
100801,100792,0,
100972,100792,0,
102094,101854,0,
101880,101319,0,
101369,101339,3,
101329,101319,0,
101553,101319,0,
101587,101339,0,
101368,101339,3,
101588,101339,0,
101878,101319,0,
101879,101319,0,
101375,101339,0,
101374,101339,0,
101717,101712,3,
100752,100745,0,
100746,100745,3,
100751,100745,0,
101748,101284,0,
101650,101284,0,
101665,101284,0,
101378,101284,0,
101664,101284,0,
101379,101284,0,
101027,101002,0,
101688,101493,0,
101766,101493,0,
101494,101493,0,
101767,101493,0,
101689,101493,0,
101025,100947,3,
101024,100947,3,
101581,101201,0,
101548,101201,0,
101202,101201,0,
101434,101201,0,
101547,101201,0,
101220,101201,0,
101433,101201,0,
101219,101201,0,
100787,100786,0,
100950,100786,0,
100951,100786,0,
101582,101201,0,
101747,101484,3,
101546,101484,0,
101545,101484,0,
100079,100078,0,
100671,100636,3,
100672,100636,3,
101588,101587,3,
100117,100063,0,
100593,100458,0,
100594,100458,0,
100116,100063,0,
102091,101827,0,
100752,100746,0,
100751,100746,0,
100069,100053,0,
100068,100053,0,
101513,100689,0,
101559,100689,0,
101512,100689,0,
101696,101695,3,
100586,100583,0,
100596,100583,0,
101581,101412,0,
101548,101412,0,
100584,100583,0,
100595,100583,0,
100585,100583,0,
100598,100583,0,
100597,100583,0,
101582,101412,0,
100701,100700,0,
100517,100311,0,
100446,100311,0,
102157,100311,0,
100518,100311,0,
100447,100311,0,
102158,100311,0,
101844,101837,0,
100281,100204,0,
100282,100204,0,
101858,101837,0,
102093,101837,0,
100691,100652,0,
101845,101837,0,
101857,101837,0,
101846,101837,0,
101838,101837,0,
100257,100204,0,
100258,100204,0,
100690,100652,0,
101847,101837,0,
102169,101753,0,
102177,101753,0,
102178,102177,3,
102178,101753,0,
101754,101753,0,
100266,100264,0,
102180,101753,0,
102180,102177,3,
102179,102177,3,
102179,101753,0,
100265,100264,0,
102165,101753,0,
100091,100071,0,
100090,100071,0,
100255,100139,0,
100256,100139,0,
100140,100139,0,
102180,102178,3,
102179,102178,3,
101297,101229,0,
101367,101229,3,
101298,101229,0,
101292,101229,3,
101402,101229,0,
101291,101229,3,
101756,101475,0,
101738,101475,3,
101770,101475,3,
100192,100145,0,
101025,100764,3,
100765,100764,3,
101024,100764,3,
101737,101475,3,
100563,100562,0,
101755,101475,0,
100193,100145,0,
101771,101475,3,
100146,100145,0,
100556,100555,0,
101367,101199,3,
101292,101199,3,
101291,101199,3,
100999,100923,0,
100955,100923,0,
101000,100923,0,
100924,100923,0,
100954,100923,0,
101235,101234,0,
101443,101234,0,
101511,101234,0,
101510,101234,0,
101442,101234,0,
101750,101234,0,
101749,101234,0,
101637,101550,0,
101638,101550,0,
101735,101231,3,
100309,100307,0,
100308,100307,0,
101734,101231,3,
101671,101326,0,
101874,101326,0,
100731,100725,0,
100730,100725,0,
101743,101326,0,
101327,101326,0,
101631,101326,0,
102176,101326,0,
101677,101326,0,
101509,101326,0,
101654,101373,0,
101656,101373,0,
100223,100213,3,
101655,101373,0,
101665,101373,0,
101664,101373,0,
100224,100213,3,
100214,100213,3,
101929,101908,0,
101928,101908,0,
100216,100209,3,
100210,100209,3,
101911,101908,0,
100215,100209,3,
101455,101218,0,
101528,101218,0,
101573,101556,0,
101647,101218,0,
101560,101556,0,
101529,101218,0,
101594,101556,0,
101595,101556,0,
101648,101218,0,
101456,101218,0,
101572,101556,0,
101561,101556,0,
101557,101556,0,
101844,101838,0,
101858,101838,0,
101846,101838,0,
101847,101838,0,
101845,101838,0,
101857,101838,0,
102039,102026,0,
101460,101428,0,
102038,102026,0,
102027,102026,0,
100555,100330,0,
100331,100330,0,
102045,102026,0,
102044,102026,0,
102030,102026,0,
100556,100330,0,
101461,101428,0,
101566,101428,0,
102152,102026,0,
100691,100651,0,
100652,100651,0,
100690,100651,0,
100939,100936,0,
100938,100936,0,
100937,100936,0,
100380,100379,0,
101747,101546,0,
101703,101503,0,
101704,101503,0,
101875,101503,0,
101504,101503,0,
101892,101891,0,
101131,101077,0,
101764,101503,0,
100212,100191,0,
101505,101503,0,
100211,100191,0,
100281,100257,0,
100043,100042,0,
100282,100257,0,
100044,100042,3,
102169,101754,0,
102177,101754,0,
102178,101754,0,
100258,100257,0,
101580,101579,3,
102180,101754,0,
102179,101754,0,
102165,101754,0,
102069,101018,0,
100342,100340,0,
102174,100340,0,
102116,100545,0,
100553,100545,0,
101936,100073,0,
100554,100545,0,
101985,100340,0,
100601,100340,0,
100602,100340,0,
100381,100340,0,
101019,101018,0,
100083,100073,0,
102117,100545,0,
100082,100073,0,
100546,100545,3,
100341,100340,0,
100717,100171,0,
101248,101210,0,
100172,100171,0,
102181,100171,0,
100716,100171,0,
100219,100171,0,
100220,100171,0,
101336,101210,0,
101657,101210,0,
101629,101210,0,
101658,101210,0,
101337,101210,0,
102168,100298,0,
102167,100298,0,
101241,101239,0,
101719,101239,0,
101240,101239,3,
101718,101239,3,
101721,101239,0,
101720,101239,3,
101620,101239,0,
100989,100980,0,
101369,101368,3,
100981,100980,0,
101587,101368,0,
100990,100980,0,
101890,100980,0,
101581,101202,0,
101548,101202,0,
101434,101202,0,
101547,101202,0,
101220,101202,0,
101433,101202,0,
101219,101202,0,
101582,101202,0,
101431,101253,3,
100284,100283,0,
100092,100085,0,
100095,100085,0,
102072,100085,0,
102110,100400,0,
100401,100400,3,
100431,100400,0,
100402,100400,0,
101987,100400,0,
100432,100400,0,
102112,100400,0,
100555,100331,0,
100556,100331,0,
100712,100709,0,
100713,100709,0,
100499,100498,0,
101466,101410,0,
100267,100232,0,
100131,100130,0,
100574,100322,0,
100727,100726,0,
101733,101731,3,
100462,100461,0,
100604,100535,3,
100277,100252,0,
100939,100938,0,
100276,100252,0,
100275,100252,0,
100969,100938,3,
100738,100737,3,
101057,101056,3,
101146,101056,0,
100939,100775,0,
100912,100775,0,
100936,100775,0,
100938,100775,0,
100937,100775,0,
102184,101977,3,
102183,101977,3,
101978,101977,3,
102182,101977,3,
100926,100855,3,
101730,101396,0,
100976,100855,3,
101013,100855,3,
101481,101396,0,
100940,100855,3,
100941,100855,0,
101728,101396,0,
100977,100855,3,
101729,101396,0,
101480,101396,0,
102068,100855,0,
100856,100855,3,
100973,100855,0,
102081,102080,3,
102086,102080,3,
102040,102018,0,
102151,102018,0,
102021,102018,0,
102022,102018,0,
102070,102018,0,
101563,101496,0,
101703,101614,0,
101615,101614,0,
101854,101614,0,
101853,101614,0,
101663,101614,0,
101726,101614,0,
101727,101614,0,
101318,101227,0,
101671,101227,0,
101880,101227,0,
101459,101227,0,
101553,101227,0,
101878,101227,0,
101879,101227,0,
101881,101227,0,
101670,101227,0,
101763,101227,0,
102126,102125,3,
101190,101175,0,
101192,101175,0,
101182,101175,0,
101183,101175,0,
101189,101175,0,
101191,101175,0,
101193,101175,3,
100216,100210,3,
100695,100694,3,
100215,100210,3,
100251,100242,0,
101761,101357,3,
100250,100150,3,
100249,100150,3,
100151,100150,3,
100232,100150,0,
101762,101357,3,
100268,100150,0,
100231,100150,0,
101498,101357,3,
100267,100150,0,
101497,101357,3,
101656,101655,0,
101013,100832,3,
100760,100754,0,
102068,100832,0,
100761,100754,0,
100833,100832,3,
101009,100832,3,
100973,100832,0,
101010,100832,3,
100128,100098,3,
100102,100098,3,
102132,102131,3,
100586,100327,0,
100596,100327,0,
100583,100327,0,
100584,100327,0,
100595,100327,0,
100585,100327,0,
102158,102157,0,
100598,100327,0,
100597,100327,0,
101130,101096,0,
100035,100033,0,
100699,100698,0,
101143,101096,0,
100034,100033,0,
101926,100033,0,
101911,100033,0,
101160,101096,0,
101159,101096,0,
100957,100864,0,
101766,100742,0,
101600,100742,0,
101875,101451,0,
101504,101451,0,
101601,100742,0,
101464,100742,0,
101505,101451,0,
100958,100864,0,
100493,100492,0,
101767,100742,0,
101503,101451,0,
100763,100742,0,
101465,100742,0,
100920,100864,0,
100762,100742,0,
102122,102121,3,
102123,102121,3,
101735,101381,3,
101575,101215,0,
101896,101381,3,
102124,102121,3,
101715,101215,0,
101734,101381,3,
101714,101215,0,
102177,101381,0,
102178,101381,0,
101574,101215,0,
101740,101381,3,
101739,101381,3,
101765,101381,3,
100488,100487,3,
102105,102097,3,
101160,101143,0,
100281,100198,0,
100282,100198,0,
100213,100198,3,
100134,100089,0,
100135,100089,0,
100132,100089,0,
100214,100198,3,
101630,101531,0,
101631,101531,0,
101694,101531,0,
101599,101531,0,
101598,101531,0,
101875,101364,0,
101436,101364,0,
101514,101364,0,
101633,101364,0,
101516,101364,0,
101634,101364,0,
101769,101364,0,
101632,101364,0,
101768,101364,0,
100103,100102,0,
100108,100102,0,
100109,100102,0,
100517,100310,0,
101238,101236,0,
100510,100389,0,
101756,101236,0,
102153,101804,0,
100311,100310,0,
101237,101236,0,
100390,100389,0,
102157,100310,0,
102154,101804,0,
100587,100389,0,
101755,101236,0,
102158,100310,0,
102118,100389,0,
101611,101610,0,
101894,101610,0,
101624,101458,0,
101623,101458,0,
101520,101458,0,
101884,101610,0,
101519,101458,0,
102069,101019,0,
102094,101853,0,
101854,101853,0,
100182,100181,0,
101524,101523,0,
100528,100421,0,
101088,101087,0,
101457,101243,0,
101624,101243,0,
101458,101243,0,
101623,101243,0,
102162,102139,0,
101557,101243,0,
102163,102139,0,
100696,100685,3,
100075,100074,0,
100697,100685,3,
100264,100262,3,
100263,100262,0,
100266,100262,0,
100265,100262,0,
101745,101419,0,
101578,101419,3,
101684,101415,3,
101746,101419,0,
101420,101419,3,
101685,101415,3,
101577,101419,3,
101583,101415,0,
101416,101415,3,
100996,100956,0,
101018,100956,0,
101019,100956,0,
100995,100956,0,
100596,100581,0,
100583,100581,0,
100584,100581,0,
100595,100581,0,
100598,100581,0,
100582,100581,0,
100597,100581,0,
100861,100858,3,
101747,101554,0,
101883,101554,0,
101893,101554,0,
102097,101922,0,
100256,100255,3,
101555,101554,0,
102105,101922,0,
101088,101086,0,
101087,101086,0,
101715,101354,0,
101714,101354,0,
101355,101354,0,
100465,100382,0,
101702,101666,3,
100466,100382,0,
102155,101666,3,
101697,101666,3,
102145,100382,0,
101701,101666,3,
101985,100382,0,
101667,101666,3,
101829,101828,0,
101449,101436,0,
101875,101436,0,
101447,101436,0,
101504,101436,0,
101503,101436,0,
101451,101436,0,
101450,101436,0,
101448,101436,0,
101764,101436,0,
101632,101436,0,
101437,101436,0,
102041,102019,0,
102020,102019,0,
102042,102019,0,
102043,102019,3,
102107,100119,0,
101157,101062,0,
101241,101240,0,
102185,102183,3,
101719,101240,0,
102184,102183,3,
101718,101240,3,
101063,101062,3,
101148,101062,3,
101721,101240,0,
101720,101240,3,
101620,101240,0,
101092,101062,3,
100717,100716,0,
100753,100749,0,
100754,100749,0,
100750,100749,0,
100760,100749,0,
100761,100749,0,
101625,101434,0,
101287,101277,0,
101581,101434,0,
101759,101434,0,
101548,101434,0,
101892,101277,0,
101891,101277,0,
101725,101277,0,
101547,101434,0,
101760,101434,0,
101288,101277,0,
101582,101434,0,
100132,100087,0,
100088,100087,0,
101590,101589,0,
101114,101113,0,
100921,100878,0,
101231,101230,3,
100922,100878,0,
100879,100878,0,
101702,101617,0,
101645,101617,0,
100107,100106,0,
101646,101617,0,
100127,100106,0,
101950,100106,0,
101701,101617,0,
100126,100106,0,
101671,101340,0,
101874,101340,3,
101408,101340,3,
101743,101340,0,
100505,100504,0,
102176,101340,0,
101677,101340,3,
100095,100092,0,
101670,101340,0,
101358,101340,3,
101763,101340,3,
100281,100203,0,
101567,101534,0,
100282,100203,0,
102129,101534,0,
101535,101534,0,
102012,101534,0,
101683,101682,3,
100204,100203,0,
100257,100203,0,
100258,100203,0,
102128,101534,0,
102013,101534,0,
100035,100034,0,
100340,100325,0,
100382,100325,0,
101926,100034,0,
102145,100325,0,
100339,100325,0,
101985,100325,0,
100381,100325,0,
100419,100418,0,
100505,100418,0,
100504,100418,0,
101798,101797,0,
101748,101222,0,
100586,100584,0,
100596,100584,0,
101284,101222,0,
101827,101810,0,
101624,101623,0,
100597,100584,0,
102091,101810,0,
101826,101810,0,
101664,101222,0,
101818,101810,0,
100598,100584,0,
101016,101014,3,
101379,101222,0,
100595,100584,0,
101015,101014,0,
100585,100584,0,
101817,101810,0,
101017,101014,0,
101665,101222,0,
102029,101790,0,
101807,101790,0,
101808,101790,0,
100957,100841,0,
101698,101335,3,
101370,101335,3,
101147,101137,0,
100357,100301,0,
101138,101137,3,
101620,101335,3,
100958,100841,0,
100302,100301,0,
101730,101729,0,
101802,101801,0,
100948,100882,0,
100949,100882,0,
100883,100882,0,
100752,100751,0,
101014,100914,0,
100761,100751,0,
101016,100914,0,
101777,101776,0,
101023,100948,0,
102146,100948,0,
100949,100948,0,
101823,101776,0,
100916,100782,0,
101675,101398,0,
101710,101398,3,
101676,101398,0,
101441,101398,3,
100917,100782,0,
101489,101398,0,
101749,101398,0,
101877,101398,3,
101440,101398,3,
101876,101398,3,
101750,101398,0,
101709,101398,3,
100783,100782,0,
100928,100927,0,
100934,100927,0,
100933,100927,0,
101745,101653,0,
101659,101208,0,
101799,101775,0,
102135,101208,0,
101551,101208,0,
101800,101775,0,
101817,101775,0,
101818,101775,0,
102052,101208,0,
101552,101208,0,
101431,101252,3,
101432,101252,3,
101253,101252,3,
100691,100690,0,
100264,100246,0,
100262,100246,0,
100263,100246,0,
100261,100246,0,
100266,100246,0,
100573,100572,0,
101679,101678,0,
100265,100246,0,
101190,101182,0,
101185,101182,0,
101875,101450,0,
101504,101450,0,
101503,101450,0,
101451,101450,0,
100674,100673,0,
102163,102162,0,
101192,101182,0,
101183,101182,0,
101189,101182,0,
101505,101450,0,
101191,101182,0,
102175,102162,0,
100264,100263,0,
100266,100263,0,
100265,100263,0,
100736,100707,0,
100436,100435,3,
101014,100778,3,
101016,100778,3,
100779,100778,3,
100541,100518,0,
100540,100518,0,
102149,101681,0,
102010,101681,0,
102074,102073,3,
101565,101301,0,
100753,100750,3,
101515,101301,0,
100754,100750,3,
100760,100750,0,
101514,101301,0,
101302,101301,0,
100761,100750,0,
101414,101301,0,
101516,101301,0,
101413,101301,0,
101662,101301,0,
101604,101576,0,
102181,100219,0,
100220,100219,0,
101605,101576,0,
101881,101576,0,
101713,101576,3,
101882,101576,0,
101802,101795,0,
101796,101795,0,
101930,101900,0,
101801,101795,0,
101108,101041,0,
101042,101041,0,
101049,101041,0,
101160,101041,0,
101159,101041,0,
100431,100417,0,
102113,100544,0,
100596,100544,0,
100579,100544,0,
100581,100544,0,
100424,100417,0,
102114,100417,0,
100580,100544,0,
100560,100462,0,
100432,100417,0,
100582,100544,0,
100596,100595,0,
100457,100412,3,
100456,100412,0,
100598,100595,0,
100597,100595,0,
101565,101363,0,
102107,100123,0,
101515,101363,0,
101880,101878,0,
100232,100231,0,
101364,101363,0,
101634,101363,0,
100268,100231,0,
101879,101878,0,
101514,101363,0,
101633,101363,0,
101516,101363,0,
100267,100231,0,
100209,100144,0,
100210,100144,0,
100181,100144,0,
100861,100857,3,
100860,100857,3,
100858,100857,3,
100239,100137,0,
101530,101311,0,
101023,100949,0,
102146,100949,0,
101312,101311,0,
100138,100137,0,
100140,100137,0,
101727,101311,0,
100139,100137,0,
101531,101311,0,
100240,100137,0,
101663,101311,0,
101726,101311,0,
100520,100519,3,
100239,100136,0,
101564,101260,0,
101118,101081,3,
100138,100136,0,
100139,100136,0,
100137,100136,0,
100240,100136,0,
100140,100136,0,
101885,101690,0,
101994,101690,0,
102113,100543,0,
100596,100543,0,
100579,100543,0,
100089,100086,0,
101886,101690,0,
101995,101690,0,
101691,101690,0,
100582,100543,0,
100581,100543,0,
100544,100543,0,
100134,100086,0,
100135,100086,0,
100580,100543,0,
100132,100086,0,
101132,101082,0,
102185,100173,0,
101880,101879,0,
100186,100173,0,
100175,100173,0,
100176,100173,0,
101102,101082,0,
100238,100173,0,
100221,100173,0,
101083,101082,3,
102184,100173,0,
101124,101082,3,
100174,100173,0,
100222,100173,0,
100185,100173,0,
101123,101082,3,
101758,101757,0,
101977,101976,3,
101978,101976,3,
102084,100763,0,
101766,100763,0,
101600,100763,0,
102092,102025,3,
101465,100763,0,
101464,100763,0,
100718,100715,0,
101873,101872,3,
100888,100887,0,
101147,101146,0,
100719,100715,0,
100989,100979,0,
100981,100979,0,
100980,100979,0,
100990,100979,0,
101890,100979,0,
101719,101718,0,
101721,101718,0,
101720,101718,3,
102078,101863,0,
100620,100619,0,
101773,101772,0,
101864,100619,0,
100395,100313,0,
102181,100220,0,
101819,101772,0,
101820,101772,0,
102030,101772,0,
100396,100313,0,
102152,101772,0,
100314,100313,0,
101346,101278,0,
101348,101278,0,
101438,101278,0,
100287,100192,0,
100288,100192,0,
101345,101278,0,
101439,101278,0,
101347,101278,0,
101279,101278,0,
100193,100192,0,
101179,101178,3,
101745,101270,0,
101578,101270,3,
101090,101089,0,
101481,101353,0,
101271,101270,0,
101746,101270,0,
101694,101353,0,
101541,101270,0,
101577,101270,3,
101540,101270,3,
101538,101270,3,
101420,101270,3,
101419,101270,3,
101480,101353,0,
101629,101353,0,
101539,101270,0,
101523,101522,0,
101524,101522,0,
101481,101480,0,
101728,101480,0,
100646,100645,0,
100528,100527,0,
101996,100650,0,
100670,100650,0,
100737,100733,0,
101143,101051,0,
100738,100733,0,
101822,101788,0,
101821,101788,0,
101789,101788,0,
100662,100660,0,
101827,101788,0,
101828,101788,0,
101812,101788,0,
101826,101788,0,
101811,101788,0,
100904,100903,0,
100368,100343,0,
102174,100343,0,
100905,100903,0,
101094,101093,0,
100906,100903,0,
100967,100903,0,
102143,100343,0,
100601,100343,0,
100602,100343,0,
100460,100459,0,
101014,100913,0,
100914,100913,0,
101015,100913,0,
101017,100913,0,
100482,100459,0,
101740,101498,3,
101739,101498,3,
101016,100913,0,
100481,100459,0,
100506,100473,3,
101472,101336,0,
101353,101336,0,
101657,101336,0,
101629,101336,0,
101658,101336,0,
101337,101336,0,
100777,100772,3,
100712,100708,0,
100773,100772,0,
101587,101375,3,
100709,100708,0,
101588,101375,3,
100837,100772,0,
100790,100772,0,
100713,100708,0,
100776,100772,3,
101637,101456,0,
101638,101456,0,
101717,101711,3,
101712,101711,3,
101348,101347,3,
101438,101347,0,
101439,101347,0,
101824,101347,0,
101825,101347,0,
100489,100304,0,
102043,102042,0,
100490,100304,0,
101157,101063,0,
101091,101063,3,
101511,101510,3,
101877,101510,3,
100421,100335,0,
101876,101510,3,
101148,101063,3,
100420,100335,0,
101621,101510,3,
101158,101063,0,
101622,101510,3,
101092,101063,3,
101017,101015,0,
101016,101015,0,
101692,101500,3,
101693,101500,3,
101733,101500,3,
101731,101500,3,
101485,101314,3,
100586,100585,0,
100596,100585,0,
101486,101314,3,
100083,100082,0,
100595,100585,0,
100598,100585,0,
100697,100696,3,
100597,100585,0,
101829,101812,0,
101827,101812,0,
101828,101812,0,
101826,101812,0,
100404,100403,0,
100576,100403,0,
101802,101800,0,
101801,101800,0,
100934,100836,0,
102139,102138,3,
102162,102138,0,
101818,101817,0,
100933,100836,0,
102163,102138,0,
102091,101817,0,
100724,100711,0,
101710,101440,3,
101511,101440,3,
101441,101440,3,
101877,101440,3,
100725,100711,0,
101533,101532,3,
101510,101440,3,
101876,101440,3,
101621,101440,3,
101709,101440,3,
102036,102017,0,
101702,101697,3,
101449,101435,0,
102035,102017,0,
100919,100918,0,
101875,101435,0,
101437,101435,0,
102081,100759,0,
101450,101435,0,
101448,101435,0,
101764,101435,0,
101145,101144,0,
101701,101697,3,
101447,101435,0,
101504,101435,0,
101503,101435,0,
102080,100759,0,
101451,101435,0,
101436,101435,0,
100120,100069,0,
100409,100351,3,
100463,100351,0,
100108,100077,0,
101146,101078,0,
100109,100077,0,
101079,101078,0,
101128,101127,0,
100284,100254,0,
100260,100152,0,
101411,101308,0,
101377,101308,0,
101120,101119,0,
101309,101308,0,
101582,101308,0,
100222,100152,0,
100259,100152,0,
100153,100152,0,
100195,100152,0,
100196,100152,0,
100221,100152,0,
101581,101308,0,
101412,101308,0,
100283,100254,0,
100173,100152,0,
100174,100152,0,
101376,101308,0,
100955,100954,3,
100370,100349,0,
102073,100349,0,
100812,100797,0,
100369,100349,0,
102074,100349,0,
100350,100349,0,
101007,100797,0,
102161,100837,0,
100902,100901,0,
102141,101901,0,
101026,101011,0,
101012,101011,3,
101027,101011,0,
100100,100058,0,
101346,101279,0,
101348,101279,0,
101438,101279,0,
100976,100790,0,
101345,101279,0,
100837,100790,0,
100995,100790,0,
101945,100058,0,
101570,101279,0,
101941,100058,0,
100996,100790,0,
101439,101279,0,
100977,100790,0,
100101,100058,0,
101347,101279,0,
100187,100179,0,
100264,100179,0,
100723,100722,0,
100263,100179,0,
100266,100179,0,
100195,100179,0,
100265,100179,0,
100180,100179,0,
101318,101205,0,
101671,101205,0,
101206,101205,0,
101743,101205,0,
101609,101205,0,
101327,101205,0,
101878,101205,0,
101879,101205,0,
101677,101205,0,
101670,101205,0,
101763,101205,0,
101329,101205,0,
101608,101205,0,
101319,101205,0,
101877,101876,3,
101326,101205,0,
102176,101205,0,
101637,101549,0,
101638,101549,0,
101550,101549,0,
100939,100774,0,
100912,100774,0,
101603,101264,0,
101716,101264,0,
101449,101448,0,
101717,101264,0,
101602,101264,0,
100938,100774,0,
100775,100774,0,
101451,101448,0,
101450,101448,0,
100937,100774,0,
101505,101448,0,
101875,101448,0,
101504,101448,0,
101892,101264,0,
100936,100774,0,
101891,101264,0,
101503,101448,0,
100668,100622,0,
100626,100622,0,
100819,100818,0,
101869,101868,3,
100586,100326,0,
100924,100818,0,
100849,100818,0,
100597,100326,0,
100670,100622,0,
100850,100818,0,
100643,100622,0,
100684,100622,0,
100625,100622,0,
100598,100326,0,
102104,102066,0,
100685,100622,0,
100584,100326,0,
100595,100326,0,
100650,100622,0,
100585,100326,0,
100135,100134,0,
100649,100622,0,
100644,100622,0,
100596,100326,0,
100667,100622,0,
100583,100326,0,
100327,100326,0,
101814,101778,0,
101813,101778,0,
101658,101657,3,
101779,101778,3,
101805,101778,0,
101603,101251,0,
101684,101285,0,
101875,101764,0,
101685,101285,0,
101602,101251,0,
101286,101285,0,
100490,100489,0,
102134,101470,0,
100996,100995,0,
102133,101470,0,
101018,100995,0,
101019,100995,0,
102161,100995,0,
100539,100538,0,
100552,100407,0,
101748,101283,0,
101649,101283,0,
100433,100407,0,
101650,101283,0,
101284,101283,0,
100470,100407,0,
100408,100407,0,
100434,100407,0,
101379,101283,0,
100469,100407,0,
101185,101173,3,
100957,100863,0,
101180,101173,0,
100864,100863,0,
102137,101835,0,
100920,100863,0,
101839,101835,0,
100982,100971,0,
101836,101835,0,
101841,101835,0,
101190,101183,0,
100904,100820,0,
101185,101183,0,
100893,100820,0,
101192,101183,0,
100903,100820,0,
102160,100820,0,
100971,100820,0,
100967,100820,0,
101189,101183,0,
101191,101183,0,
100915,100820,0,
100821,100820,0,
101581,101547,0,
101759,101547,0,
100813,100812,0,
101548,101547,0,
101760,101547,0,
101007,100812,0,
102152,102044,0,
102045,102044,0,
101582,101547,0,
101565,101362,0,
101515,101362,0,
101364,101362,0,
101436,101362,0,
101363,101362,0,
101514,101362,0,
101633,101362,0,
101516,101362,0,
101634,101362,0,
101632,101362,0,
101820,101819,0,
102030,101819,0,
102152,101819,0,
100955,100850,0,
101932,101931,0,
100858,100850,0,
101666,101476,3,
100857,100850,0,
102155,101476,3,
100954,100850,0,
101667,101476,3,
101477,101476,3,
102185,100174,0,
100186,100174,0,
100176,100174,0,
102184,100174,0,
100256,100240,3,
100222,100174,0,
100185,100174,0,
100238,100174,0,
100221,100174,0,
101593,101592,0,
101297,101293,0,
101088,101035,0,
101036,101035,3,
101294,101293,0,
101053,101035,0,
101573,101293,0,
101052,101035,0,
101572,101293,0,
101561,101293,0,
101594,101293,0,
101560,101293,0,
101556,101293,0,
101595,101293,0,
101087,101035,0,
101086,101035,0,
101298,101293,0,
101579,101214,3,
101314,101214,3,
101580,101214,3,
101313,101214,3,
100679,100634,0,
100635,100634,0,
100761,100760,0,
100992,100991,0,
100340,100324,0,
100382,100324,0,
100325,100324,0,
102145,100324,0,
101985,100324,0,
100381,100324,0,
102168,102167,0,
101025,100765,3,
101024,100765,3,
101565,101514,0,
101515,101514,0,
101635,101514,0,
101636,101514,0,
101633,101514,0,
101516,101514,0,
101634,101514,0,
101834,101514,0,
101562,101421,3,
101747,101421,3,
101459,101421,3,
101883,101421,0,
101893,101421,0,
101554,101421,0,
101576,101421,3,
101555,101421,0,
101713,101421,3,
100376,100375,0,
100989,100970,0,
100510,100424,0,
100981,100970,0,
100980,100970,0,
100979,100970,0,
102114,100424,0,
100990,100970,0,
100978,100970,0,
101890,100970,0,
100113,100112,0,
100201,100183,0,
100202,100183,0,
101738,101737,3,
101770,101737,3,
101771,101737,3,
100245,100183,0,
100184,100183,0,
101963,101943,0,
101951,101943,0,
101953,101943,0,
100053,100052,0,
100069,100052,0,
100068,100052,0,
101567,101471,0,
101535,101471,0,
100681,100680,0,
101110,101094,0,
100699,100680,0,
101518,101517,0,
101566,101471,0,
100698,100680,0,
101657,101629,0,
100111,100051,0,
101694,101629,0,
101109,101094,0,
101658,101629,0,
100277,100234,0,
100271,100234,0,
101673,101652,0,
100276,100234,0,
101012,100805,0,
100275,100234,0,
101001,100805,0,
101027,100805,3,
100272,100234,0,
101002,100805,0,
101966,100111,0,
100954,100805,3,
101011,100805,0,
100930,100929,0,
100991,100929,0,
100530,100363,0,
101551,100212,0,
101208,100212,0,
101207,100212,0,
102052,100212,0,
100364,100363,0,
100529,100363,0,
101552,100212,0,
101176,101165,0,
101003,100793,0,
100875,100793,0,
101004,100793,0,
101184,101165,0,
100794,100793,0,
100874,100793,0,
100050,100049,0,
101912,100049,0,
101654,101384,0,
101656,101384,0,
101526,101384,0,
101575,101574,0,
101385,101384,0,
101533,101384,0,
101655,101384,0,
101678,101384,0,
101679,101384,0,
101525,101384,0,
100319,100318,0,
100334,100318,0,
100071,100070,0,
100091,100070,0,
100090,100070,0,
100600,100590,0,
100931,100789,0,
100932,100789,0,
100992,100789,0,
100991,100789,0,
101982,100548,0,
100549,100548,0,
100526,100525,3,
101541,101539,0,
101679,101539,0,
101540,101539,0,
100494,100372,0,
100437,100372,0,
100373,100372,0,
100495,100372,0,
101411,101376,0,
101377,101376,0,
101417,101376,0,
101759,101376,0,
101548,101376,0,
101412,101376,0,
101434,101376,0,
101760,101376,0,
101732,101376,0,
101433,101376,0,
101895,101376,0,
100971,100967,0,
102147,101732,3,
101895,101732,3,
102148,101732,3,
102148,102147,3,
101595,101298,0,
101726,101663,0,
101402,101298,3,
101727,101663,0,
101401,101298,3,
101594,101298,0,
101581,101433,0,
101759,101433,0,
101548,101433,0,
101434,101433,0,
101547,101433,0,
101760,101433,0,
101582,101433,0,
101867,101866,0,
102129,102128,3,
102029,101808,0,
102108,101954,0,
100218,100217,0,
100649,100643,0,
100644,100643,0,
100650,100643,0,
100684,100643,0,
100229,100217,0,
100230,100217,0,
100670,100643,0,
101874,101677,3,
101743,101677,0,
102176,101677,0,
102118,100587,3,
101763,101677,3,
100274,100169,0,
100239,100169,0,
101606,101393,0,
100273,100169,0,
100287,100169,0,
100288,100169,0,
102010,101393,0,
101446,101393,3,
100170,100169,0,
101607,101393,3,
100240,100169,0,
101445,101393,3,
102149,101393,0,
100294,100293,0,
100421,100420,0,
100668,100664,3,
101955,100094,0,
100128,100094,0,
101963,100094,0,
101951,100094,0,
100667,100664,0,
101943,100094,0,
101953,100094,0,
100669,100664,0,
101600,101465,0,
101601,101465,0,
100632,100623,0,
100624,100623,3,
100264,100261,0,
100262,100261,0,
100263,100261,0,
100266,100261,0,
100265,100261,0,
100260,100222,0,
100250,100222,3,
100249,100222,3,
100237,100222,0,
100259,100222,0,
100238,100222,0,
100682,100628,0,
100683,100628,0,
101318,101204,0,
101485,101313,3,
100939,100897,3,
101904,101903,0,
101756,101755,0,
101422,101204,0,
100898,100897,3,
100968,100897,3,
101224,101204,0,
101225,101204,0,
101882,101204,0,
100938,100897,3,
101314,101313,3,
100969,100897,3,
101226,101204,0,
100594,100593,0,
101881,101204,0,
101880,101204,0,
101423,101204,0,
101223,101204,0,
101553,101204,0,
101319,101204,0,
101486,101313,3,
102116,100546,0,
100553,100546,0,
102117,100546,0,
100554,100546,0,
101679,101541,0,
101565,101302,0,
101515,101302,0,
101587,101374,3,
101588,101374,3,
101363,101302,0,
101375,101374,3,
101514,101302,0,
101414,101302,0,
101516,101302,0,
101413,101302,0,
101662,101302,0,
101361,101302,0,
101669,101668,0,
100682,100639,0,
100683,100639,0,
100640,100639,0,
101894,101344,0,
101630,101599,0,
101631,101599,0,
101610,101344,0,
101527,101344,0,
101884,101344,0,
101331,101257,0,
101330,101257,0,
101730,101257,0,
101395,101257,0,
101802,101794,0,
101799,101794,0,
101795,101794,0,
101353,101257,0,
101480,101257,0,
101800,101794,0,
101728,101257,0,
101258,101257,0,
101481,101257,0,
101796,101794,0,
101396,101257,0,
101729,101257,0,
101801,101794,0,
100517,100447,0,
100518,100447,0,
100604,100447,3,
100603,100447,3,
101941,100081,0,
100107,100081,0,
101827,101826,0,
100114,100081,0,
100115,100081,0,
102091,101826,0,
102034,102033,0,
102030,101820,0,
101890,100990,0,
102152,101820,0,
101692,101499,3,
101693,101499,3,
101190,101174,0,
101262,101211,3,
101261,101211,3,
102077,102076,3,
102078,102076,3,
101212,101211,3,
101193,101174,3,
101182,101174,0,
101500,101211,3,
101500,101499,3,
101183,101174,0,
101499,101211,3,
101189,101174,0,
101733,101211,3,
101733,101499,3,
101731,101211,3,
101731,101499,3,
101175,101174,3,
101192,101174,0,
102174,102143,0,
100799,100798,0,
102144,102143,0,
102021,101783,0,
101143,101050,0,
101051,101050,3,
102044,102030,0,
102022,101783,0,
102152,102030,0,
101784,101783,0,
102045,102030,0,
101088,101052,0,
101611,101527,0,
101894,101527,3,
101053,101052,0,
100926,100833,3,
100201,100185,0,
101009,100833,3,
100856,100833,3,
100973,100833,0,
101884,101527,0,
101010,100833,3,
101610,101527,0,
101087,101052,0,
101086,101052,0,
102068,100833,0,
100982,100920,0,
100958,100920,0,
100957,100920,0,
100202,100185,0,
101013,100833,3,
102185,100185,0,
100186,100185,0,
102184,100185,0,
101318,101226,3,
101578,101226,0,
101271,101226,0,
101746,101226,0,
101420,101226,0,
101319,101226,3,
101419,101226,0,
101577,101226,0,
101110,101109,0,
101950,100127,0,
100541,100329,0,
100337,100336,0,
100540,100329,0,
101955,101953,0,
101963,101953,0,
101745,101394,0,
101746,101394,0,
101424,101394,3,
101653,101394,0,
100281,100162,0,
100282,100162,0,
100204,100162,0,
100257,100162,0,
100258,100162,0,
100203,100162,0,
101543,101216,0,
101544,101216,0,
101741,101216,0,
101742,101216,0,
101217,101216,0,
100668,100610,0,
100629,100610,0,
100040,100039,0,
101198,101197,3,
102170,101197,0,
100630,100610,0,
100663,100610,0,
100664,100610,0,
101740,101197,3,
101739,101197,0,
100669,100610,0,
100697,100610,0,
101497,101197,3,
101356,101197,3,
102177,101197,0,
102178,101197,0,
101381,101197,3,
101498,101197,3,
100696,100610,0,
101814,101779,0,
102093,101847,0,
101813,101779,0,
101805,101779,0,
101488,101487,0,
101687,101487,0,
101560,101487,0,
101630,101598,0,
101631,101598,0,
101922,100046,0,
101599,101598,3,
100512,100511,0,
102105,100046,0,
101561,101487,0,
101686,101487,0,
101513,101512,0,
101559,101512,0,
101581,101512,0,
101854,101726,0,
101853,101726,0,
101727,101726,0,
101582,101512,0,
102166,100476,0,
101700,101267,0,
101364,101267,0,
101301,101267,0,
101363,101267,0,
101769,101267,0,
101361,101267,0,
101768,101267,0,
100284,100244,0,
100287,100193,0,
100288,100193,0,
100253,100244,0,
100418,100405,0,
100406,100405,0,
100966,100945,0,
100975,100945,0,
101659,101207,0,
100965,100945,0,
102135,101207,0,
101551,101207,0,
101552,101207,0,
101208,101207,0,
101665,101378,0,
101664,101378,0,
102052,101207,0,
101379,101378,0,
100974,100945,0,
100939,100937,0,
100679,100635,0,
100938,100937,0,
101567,101461,0,
101471,101461,0,
101566,101461,0,
101619,101572,0,
101573,101572,0,
101941,100114,0,
100737,100703,0,
101595,101572,0,
101220,101219,0,
100738,100703,0,
101618,101572,0,
100115,100114,0,
101594,101572,0,
101565,101414,0,
101844,101414,0,
101885,101639,0,
101641,101639,0,
101515,101414,0,
102093,101414,0,
101691,101639,0,
101847,101414,0,
101516,101414,0,
101845,101414,0,
101886,101639,0,
101834,101414,0,
101995,101639,0,
101846,101414,0,
100583,100484,0,
100584,100484,0,
101690,101639,0,
101073,101072,3,
101514,101414,0,
101994,101639,0,
101635,101414,0,
101644,101639,0,
100542,100484,3,
101636,101414,0,
101640,101639,0,
101190,101189,0,
102137,101839,0,
101192,101189,0,
101191,101189,0,
101841,101839,0,
101193,101189,0,
101665,101664,0,
100286,100285,0,
100899,100843,0,
100900,100843,0,
100978,100843,0,
100844,100843,0,
101491,101371,3,
101372,101371,3,
101492,101371,3,
101538,101371,0,
101539,101371,0,
101541,101371,0,
100781,100780,0,
101540,101371,0,
100578,100384,0,
101635,101633,0,
101829,101811,0,
101636,101633,0,
102095,101633,0,
101827,101811,0,
100577,100384,0,
100509,100508,0,
101828,101811,0,
101812,101811,0,
101764,101633,0,
101826,101811,0,
101634,101633,0,
100398,100296,0,
102113,100296,0,
100397,100296,0,
100544,100296,0,
100543,100296,0,
100550,100296,0,
100297,100296,0,
100580,100296,0,
100448,100399,0,
102144,100399,0,
102143,100399,0,
102136,100399,0,
101742,101741,0,
101860,100292,0,
102066,101898,0,
102104,101898,0,
101002,100922,3,
101001,100922,3,
102084,100762,0,
101766,100762,0,
101600,100762,0,
100662,100638,0,
100763,100762,0,
100660,100638,0,
101465,100762,0,
101464,100762,0,
100989,100978,0,
100981,100978,0,
100980,100978,0,
100979,100978,0,
102066,100029,0,
100990,100978,0,
101898,100029,0,
101890,100978,0,
102104,100029,0,
100030,100029,0,
102140,101910,0,
102141,101910,0,
102100,100155,0,
102101,100155,0,
100457,100456,0,
101913,101910,0,
101920,101910,0,
100441,100300,0,
100533,100300,0,
100320,100300,0,
100587,100300,0,
102118,100300,0,
100253,100224,3,
100480,100479,0,
100254,100224,3,
100342,100339,0,
102174,100339,0,
100340,100339,0,
100343,100339,0,
100341,100339,0,
101985,100339,0,
100601,100339,0,
100602,100339,0,
101799,101774,0,
101766,101464,0,
101600,101464,0,
101601,101464,0,
101775,101774,0,
101800,101774,0,
101817,101774,0,
101465,101464,0,
101818,101774,0,
101928,101911,0,
102110,100402,0,
100431,100402,0,
100342,100341,0,
100368,100341,0,
102174,100341,0,
100470,100408,0,
100602,100341,0,
102112,100402,0,
100343,100341,0,
102143,100341,0,
101987,100402,0,
100432,100402,0,
100469,100408,0,
100601,100341,0,
100342,100323,0,
102174,100323,0,
100448,100323,0,
100343,100323,0,
102144,100323,0,
102143,100323,0,
100399,100323,0,
100341,100323,0,
100374,100323,0,
100370,100369,0,
102113,100550,0,
100601,100550,0,
100602,100550,0,
101195,101194,0,
101680,101445,3,
101446,101445,3,
101681,101445,3,
102149,101445,0,
102010,101445,0,
101703,101505,0,
101730,101505,0,
101526,101282,0,
101287,101275,0,
101704,101505,0,
101370,101282,3,
101725,101275,0,
101764,101505,0,
101276,101275,0,
101288,101275,0,
101525,101282,0,
101892,101275,0,
101891,101275,0,
101277,101275,0,
101335,101282,3,
101729,101505,0,
101653,101282,0,
101829,101824,0,
101828,101824,0,
101825,101824,0,
101023,100854,0,
102146,100854,0,
100685,100684,3,
100948,100854,0,
100949,100854,0,
100696,100684,3,
100697,100684,3,
102151,102022,0,
100309,100308,0,
102080,100758,0,
102081,100758,0,
100759,100758,0,
100260,100259,0,
101479,101478,0,
101523,101478,0,
101524,101478,0,
102091,101818,0,
100626,100625,0,
100644,100625,0,
100488,100471,0,
100487,100471,0,
100685,100625,0,
100643,100625,0,
100684,100625,0,
100472,100471,0,
100670,100625,0,
101565,101516,0,
101814,101805,0,
101635,101516,0,
100586,100483,0,
100542,100483,3,
101636,101516,0,
101769,101281,0,
101834,101516,0,
101806,101805,0,
101768,101281,0,
100582,100483,0,
101436,101281,0,
100584,100483,0,
100595,100483,0,
100484,100483,3,
101633,101516,0,
101634,101516,0,
100596,100483,0,
101875,101281,0,
101813,101805,0,
100583,100483,0,
101364,101281,0,
100581,100483,0,
100178,100177,0,
101609,101473,0,
101608,101473,0,
101657,101473,0,
101629,101473,0,
101694,101473,0,
101658,101473,0,
100852,100781,0,
100851,100781,0,
101485,101247,3,
101460,101427,0,
100358,100357,3,
101373,101247,3,
101428,101427,0,
101486,101247,3,
101461,101427,0,
101565,101413,0,
101844,101413,0,
101515,101413,0,
102093,101413,0,
101635,101413,0,
101636,101413,0,
102078,101862,0,
101845,101413,0,
101834,101413,0,
101846,101413,0,
101863,101862,3,
101514,101413,0,
101847,101413,0,
101414,101413,0,
101516,101413,0,
100260,100153,0,
100173,100153,0,
100174,100153,0,
100222,100153,0,
100259,100153,0,
100195,100153,0,
100196,100153,0,
100221,100153,0,
100252,100163,0,
100242,100163,0,
100164,100163,3,
100251,100163,0,
100241,100163,0,
100117,100054,0,
100063,100054,0,
100104,100054,0,
100116,100054,0,
101603,101602,0,
101717,101602,0,
101391,101341,0,
100182,100143,0,
101390,101341,0,
101403,101341,0,
100209,100143,0,
100210,100143,0,
100181,100143,0,
100144,100143,0,
101342,101341,0,
101404,101341,0,
101443,101442,0,
100899,100844,0,
102153,101803,0,
100980,100844,0,
101804,101803,0,
100900,100844,0,
100948,100883,0,
100949,100883,0,
102154,101803,0,
100978,100844,0,
101661,101442,0,
100278,100166,3,
100777,100776,3,
100225,100166,3,
101351,101290,0,
100226,100166,3,
100929,100776,3,
101350,101290,0,
100962,100801,0,
100961,100801,0,
100972,100801,0,
100412,100411,0,
101725,101724,0,
100457,100411,0,
100456,100411,0,
102147,101558,0,
101732,101558,0,
100703,100702,0,
101741,101558,0,
101742,101558,0,
101895,101558,0,
102148,101558,0,
100449,100345,0,
100545,100496,3,
100527,100345,0,
100482,100345,0,
100546,100496,3,
102115,100496,0,
100497,100496,3,
100481,100345,0,
100528,100345,0,
101287,101276,0,
101892,101276,0,
101891,101276,0,
101277,101276,0,
101725,101276,0,
101288,101276,0,
101651,101520,0,
101392,101382,0,
101383,101382,0,
101680,101382,3,
101397,101382,3,
101446,101382,3,
101735,101380,3,
102010,101382,0,
101445,101382,3,
101740,101380,3,
101739,101380,3,
101765,101380,3,
101734,101380,3,
102149,101382,0,
101896,101380,3,
102177,101380,0,
102178,101380,0,
101381,101380,3,
101681,101382,3,
101393,101382,3,
100236,100235,3,
102147,101895,3,
102148,101895,3,
100682,100627,0,
101877,101621,3,
101876,101621,3,
100628,100627,0,
100683,100627,0,
101622,101621,3,
101952,101950,0,
101098,101097,0,
100100,100057,0,
101941,100057,0,
100101,100057,0,
100058,100057,0,
101108,101042,0,
101049,101042,0,
101160,101042,0,
101159,101042,0,
101945,100057,0,
101942,100057,0,
101606,101387,0,
101672,101387,3,
101706,101605,0,
101563,101387,0,
100649,100611,0,
101705,101605,0,
100612,100611,0,
101607,101387,3,
101142,101141,0,
100650,100611,0,
101748,101221,0,
101284,101221,0,
101222,101221,0,
101283,101221,0,
101665,101221,0,
101664,101221,0,
101379,101221,0,
101869,100615,0,
101120,101084,0,
100616,100615,0,
101124,101123,3,
100268,100267,0,
101119,101084,0,
101868,100615,0,
101085,101084,3,
101882,101881,0,
101170,101168,3,
101172,101168,3,
101180,101168,0,
101169,101168,3,
101173,101168,3,
100999,100810,0,
100811,100810,0,
101000,100810,0,
100924,100810,0,
100659,100658,0,
100923,100810,0,
102107,100118,0,
100921,100879,0,
101712,101674,3,
100119,100118,0,
101711,101674,3,
100922,100879,0,
100620,100607,0,
101462,101406,0,
101864,100607,0,
101463,101406,0,
101883,101555,0,
101893,101555,0,
100619,100607,0,
101006,101005,0,
101939,100131,0,
101938,100131,0,
100971,100915,0,
100967,100915,0,
100982,100915,0,
100069,100068,0,
101565,101304,0,
101567,101566,0,
101515,101304,0,
101635,101304,0,
101563,101495,0,
101636,101304,0,
101413,101304,0,
102074,100350,0,
101634,101304,0,
101361,101304,0,
101834,101304,0,
101632,101304,0,
101362,101304,0,
101514,101304,0,
101414,101304,0,
101633,101304,0,
100369,100350,0,
101516,101304,0,
102095,101304,0,
100370,100350,0,
101496,101495,0,
101364,101304,0,
102073,100350,0,
101363,101304,0,
100499,100440,0,
100501,100500,0,
102144,102136,0,
102052,101973,0,
101974,101973,0,
100939,100814,0,
102113,100297,0,
100815,100814,0,
100981,100814,0,
100980,100814,0,
101147,101138,0,
100898,100814,0,
100544,100297,0,
100543,100297,0,
100979,100814,0,
100897,100814,0,
100978,100814,0,
100550,100297,0,
101095,101049,0,
101096,101049,0,
101108,101049,0,
101740,101739,3,
101160,101049,0,
101159,101049,0,
101154,101153,0,
101155,101153,0,
101142,101135,0,
100192,100146,0,
100193,100146,0,
101141,101135,0,
101136,101135,0,
100868,100866,3,
101367,101292,3,
101866,101865,0,
100867,100866,0,
100869,100866,0,
101867,101865,0,
100414,100413,0,
100032,100031,0,
100868,100867,0,
101931,100031,0,
100852,100851,0,
102067,100031,0,
100869,100867,0,
101017,101016,0,
101026,100827,3,
101027,100827,3,
100545,100497,3,
100546,100497,3,
102115,100497,0,
100260,100195,0,
101896,101765,3,
102169,101765,0,
100264,100195,0,
102177,101765,0,
102178,101765,0,
100265,100195,0,
102165,101765,0,
100263,100195,0,
100266,100195,0,
100259,100195,0,
100196,100195,0,
102180,101765,0,
102179,101765,0,
101091,101070,3,
101117,101070,3,
101071,101070,3,
101118,101070,3,
100934,100933,0,
100685,100669,0,
100696,100669,0,
100684,100669,0,
101162,100909,0,
100697,100669,0,
101092,101070,3,
101702,101616,0,
101154,101150,0,
101645,101616,0,
101646,101616,0,
101048,101047,0,
101617,101616,0,
101153,101150,0,
101701,101616,0,
101662,101661,0,
100474,100387,0,
100425,100387,0,
102166,100387,0,
100475,100387,0,
100388,100387,0,
101476,101402,3,
100476,100387,0,
101477,101402,3,
101483,101482,3,
101710,101482,3,
101709,101482,3,
101120,101085,0,
100596,100580,0,
100581,100580,0,
100584,100580,0,
100595,100580,0,
101119,101085,0,
100582,100580,0,
102159,101917,0,
101924,101917,0,
102096,101917,0,
101926,101917,0,
102142,101917,0,
101671,101670,3,
101743,101670,0,
100445,100444,0,
102176,101670,0,
101878,101670,0,
101879,101670,0,
101677,101670,0,
101763,101670,0,
102151,102070,0,
100360,100359,3,
101146,101079,0,
100950,100787,0,
100951,100787,0,
101766,100741,0,
101600,100741,0,
101601,100741,0,
101767,100741,0,
100742,100741,0,
100763,100741,0,
101465,100741,0,
100762,100741,0,
101464,100741,0,
100260,100196,0,
100264,100196,0,
100263,100196,0,
100266,100196,0,
100259,100196,0,
100265,100196,0,
101635,101634,0,
101636,101634,0,
102095,101634,0,
101764,101634,0,
101834,101634,0,
100931,100788,0,
100464,100463,0,
101947,101946,0,
100932,100788,0,
100992,100788,0,
100991,100788,0,
100789,100788,0,
101954,101946,3,
102108,101946,0,
102093,101845,0,
101132,101102,0,
101578,101577,3,
101846,101845,0,
101657,101577,3,
101658,101577,3,
101847,101845,0,
101103,101102,0,
101181,101164,0,
100578,100577,0,
101176,101164,0,
100591,100577,0,
100252,100164,0,
100242,100164,0,
100251,100164,0,
100241,100164,0,
101702,101701,3,
102155,101701,3,
100682,100640,0,
101470,101469,0,
100683,100640,0,
100277,100251,0,
100718,100714,0,
100276,100251,0,
100441,100374,0,
100448,100374,0,
100275,100251,0,
102136,100374,0,
100533,100374,0,
100252,100251,0,
100715,100714,0,
102144,100374,0,
100399,100374,0,
100719,100714,0,
101721,101720,0,
100085,100084,0,
100092,100084,0,
100095,100084,0,
102072,100084,0,
100960,100959,0,
100590,100589,0,
102066,100030,0,
100460,100438,0,
100316,100315,0,
100519,100315,0,
100520,100315,0,
100894,100821,0,
100904,100821,0,
100893,100821,0,
100903,100821,0,
100971,100821,0,
100967,100821,0,
100915,100821,0,
102161,100821,0,
102160,100821,0,
100969,100877,3,
100968,100877,0,
101624,101317,0,
101558,101317,0,
100450,100392,0,
100419,100392,0,
100505,100392,0,
101142,101136,0,
100504,100392,0,
100451,100392,0,
101375,101288,0,
101725,101288,0,
101724,101288,0,
101023,101022,0,
100530,100364,0,
101969,101245,0,
101551,101245,0,
101584,101583,0,
101253,101245,3,
102052,101245,0,
101552,101245,0,
100804,100803,3,
100955,100803,3,
101698,101620,3,
100924,100803,0,
100923,100803,0,
100954,100803,3,
100805,100803,3,
101391,101342,0,
101625,101618,0,
101619,101618,0,
101390,101342,0,
100430,100429,0,
100065,100064,0,
101403,101342,0,
101627,101618,0,
102150,101618,0,
101404,101342,0,
101046,101045,0,
101941,100115,0,
100561,100560,0,
100395,100314,0,
100396,100314,0,
102185,101978,3,
102184,101978,3,
102183,101978,3,
102145,101985,0,
102182,101978,3,
102021,101784,0,
102022,101784,0,
102110,101987,0,
100228,100227,0,
102112,101987,0,
101969,101244,0,
101551,101244,0,
101253,101244,3,
100960,100958,0,
102052,101244,0,
100959,100958,0,
101245,101244,3,
101552,101244,0,
100127,100126,0,
101950,100126,0,
100216,100215,3,
101747,101713,3,
101881,101713,0,
101882,101713,0,
101332,101299,0,
101474,101299,0,
101756,101299,0,
100233,100188,0,
101738,101299,0,
101300,101299,0,
101334,101299,0,
100234,100188,0,
101755,101299,0,
101771,101299,0,
101973,100188,0,
101974,100188,0,
100189,100188,0,
101333,101299,0,
101770,101299,0,
101475,101299,0,
100209,100188,0,
100210,100188,0,
101737,101299,0,
100281,100200,0,
100282,100200,0,
100243,100200,0,
100244,100200,0,
101483,101426,3,
101724,101597,0,
101482,101426,3,
100250,100238,0,
100249,100238,0,
100128,100097,0,
100098,100097,3,
100102,100097,0,
102183,100238,0,
100268,100238,0,
100267,100238,0,
102182,100238,0,
100362,100348,0,
100361,100348,0,
101010,101009,3,
102029,101781,0,
101785,101781,0,
101693,101212,3,
101807,101781,0,
101262,101212,3,
101733,101212,3,
101499,101212,3,
101731,101212,3,
100362,100361,0,
101790,101781,0,
101500,101212,3,
101808,101781,0,
101820,101781,0,
100264,100245,0,
101595,101561,0,
100262,100245,0,
100246,100245,0,
100263,100245,0,
100261,100245,0,
100266,100245,0,
100265,100245,0,
101594,101561,0,
100574,100321,0,
100322,100321,0,
100575,100321,0,
100091,100090,0,
100939,100898,0,
102082,100756,0,
100232,100229,0,
100938,100898,0,
102081,100756,0,
100969,100898,3,
100230,100229,0,
100968,100898,0,
100260,100221,0,
102129,102013,0,
100250,100221,3,
100249,100221,3,
100237,100221,0,
102128,102013,0,
100222,100221,3,
100259,100221,0,
100238,100221,0,
100552,100434,0,
100455,100434,0,
101994,101886,0,
100449,100434,0,
100551,100434,0,
101603,101250,0,
100460,100434,0,
100459,100434,0,
101251,101250,0,
101602,101250,0,
101995,101886,0,
100955,100849,0,
101179,101177,3,
100858,100849,0,
100857,100849,0,
101178,101177,3,
100954,100849,0,
100850,100849,0,
101472,101444,0,
100735,100706,0,
101684,101286,0,
101609,101444,0,
101842,101836,0,
101608,101444,0,
101658,101444,0,
101839,101836,0,
101685,101286,0,
101473,101444,0,
101841,101836,0,
102137,101836,0,
100707,100706,0,
100736,100706,0,
101657,101444,0,
101629,101444,0,
101694,101444,0,
101710,101709,3,
101735,101734,3,
100488,100472,0,
101896,101734,3,
101877,101709,3,
100487,100472,0,
100418,100406,0,
101876,101709,3,
101765,101734,3,
101750,101709,0,
102180,102179,3,
101749,101709,0,
101671,101296,0,
101874,101296,0,
101508,101296,0,
101743,101296,0,
101327,101296,0,
100541,100540,0,
101326,101296,0,
101340,101296,0,
102176,101296,0,
101677,101296,0,
101670,101296,0,
101509,101296,0,
101564,101259,0,
100800,100791,0,
101003,100794,0,
100792,100791,0,
101004,100794,0,
101260,101259,0,
100801,100791,0,
100972,100791,0,
101238,101237,0,
101474,101237,0,
101756,101237,0,
101300,101237,0,
101755,101237,0,
101299,101237,0,
100951,100950,0,
102159,101913,0,
102140,101913,0,
102141,101913,0,
101656,101525,0,
101032,101031,0,
101132,101083,0,
101526,101525,0,
101653,101525,0,
101041,101031,0,
100482,100481,0,
101042,101031,0,
101102,101083,0,
101099,101031,0,
101103,101083,0,
101565,101361,0,
101515,101361,0,
101635,101361,0,
101364,101361,0,
101363,101361,0,
101362,101361,0,
101514,101361,0,
101633,101361,0,
101516,101361,0,
101634,101361,0,
101632,101361,0,
100286,100279,0,
100285,100279,0,
101844,101834,0,
101848,101834,0,
102093,101834,0,
102095,101834,0,
100705,100704,0,
101846,101834,0,
101847,101834,0,
101845,101834,0,
101065,101064,0,
102141,101920,0,
100270,100269,3,
100913,100823,0,
102120,102119,3,
102123,102119,3,
102124,102119,3,
100232,100230,0,
100047,100037,0,
100946,100859,3,
101417,101307,0,
101418,101307,0,
100947,100859,3,
102147,101307,3,
101732,101307,3,
101895,101307,3,
102148,101307,3,
101715,101714,0,
102052,101974,0,
100677,100648,3,
101160,101159,0,
101476,101401,3,
100729,100728,0,
101402,101401,3,
101477,101401,3,
100499,100439,0,
100498,100439,0,
100969,100968,3,
100440,100439,0,
101977,101968,3,
102183,101968,3,
101976,101968,3,
101978,101968,3,
102182,101968,3,
101975,101968,3,
101874,101509,0,
101660,101509,0,
101528,101509,0,
101647,101509,0,
101529,101509,0,
102176,101509,0,
101874,101295,0,
101508,101295,0,
101743,101295,0,
101327,101295,0,
101326,101295,0,
101340,101295,0,
102176,101295,0,
101677,101295,0,
101296,101295,0,
101509,101295,0,
101358,101295,0,
101673,101651,0,
101652,101651,0,
101318,101224,0,
101578,101224,0,
101271,101224,0,
100875,100874,0,
100934,100834,0,
101746,101224,0,
100933,100834,0,
101577,101224,0,
101225,101224,0,
101420,101224,0,
101319,101224,0,
101419,101224,0,
100836,100834,0,
100266,100265,0,
101226,101224,0,
102169,102165,3,
102177,102165,0,
102178,102165,0,
102180,102165,0,
102179,102165,0,
100260,100168,0,
102110,100432,0,
101603,101586,0,
101716,101586,3,
101717,101586,3,
101712,101586,3,
102112,100432,0,
101711,101586,3,
101665,101379,0,
101664,101379,0,
100259,100168,0,
101602,101586,0,
101987,100432,0,
100510,100390,0,
101702,101667,3,
101684,101416,3,
101584,101416,0,
102155,101667,3,
101697,101667,3,
100587,100390,0,
102118,100390,0,
101685,101416,3,
101701,101667,3,
101583,101416,0,
101537,101323,0,
101349,101323,0,
101428,101323,0,
101678,101540,0,
102155,101323,0,
101541,101540,0,
101427,101323,0,
101679,101540,0,
101536,101323,0,
101829,101825,0,
101543,101217,0,
101544,101217,0,
101828,101825,0,
101741,101217,0,
101742,101217,0,
100233,100189,0,
100209,100189,0,
100210,100189,0,
100234,100189,0,
101973,100189,0,
101974,100189,0,
101885,101334,0,
101641,101334,0,
100916,100783,0,
101644,101334,0,
101640,101334,0,
101770,101334,0,
100917,100783,0,
101690,101334,0,
101639,101334,0,
101771,101334,0,
101886,101334,0,
101691,101334,0,
101635,101632,0,
101636,101632,0,
102095,101632,0,
101764,101632,0,
101633,101632,0,
101634,101632,0,
100975,100880,0,
101673,101489,0,
100984,100880,3,
101675,101489,0,
100223,100214,3,
101490,101489,0,
101749,101489,0,
100974,100880,0,
101552,100211,0,
100212,100211,0,
101207,100211,0,
100224,100214,3,
101750,101489,0,
101651,101489,0,
100944,100880,0,
100985,100880,0,
101551,100211,0,
101676,101489,0,
100881,100880,0,
101208,100211,0,
101652,101489,0,
100926,100856,3,
102102,101787,3,
100976,100856,3,
101013,100856,3,
100940,100856,3,
101747,101545,0,
102103,101787,3,
101713,101545,0,
100973,100856,0,
100941,100856,0,
100977,100856,3,
101546,101545,0,
101498,101497,3,
102068,100856,0,
101740,101497,3,
101739,101497,3,
101399,101233,0,
101571,101570,0,
100530,100529,0,
101400,101233,0,
101351,101233,0,
101350,101233,0,
100329,100328,0,
101814,101806,0,
101807,101806,0,
102185,102182,3,
101941,100080,0,
100107,100080,0,
101833,101832,0,
102175,101832,0,
102163,101832,0,
101017,100779,0,
101808,101806,0,
100081,100080,0,
100114,100080,0,
101016,100779,3,
100115,100080,0,
101813,101806,0,
102184,102182,3,
102183,102182,3,
101014,100779,3,
102162,101832,0,
101015,100779,0,
100201,100184,0,
101472,101337,0,
100202,100184,0,
101351,101350,0,
101029,101028,3,
100246,100184,0,
100245,100184,0,
101444,101337,0,
101353,101337,0,
101657,101337,0,
101629,101337,0,
101694,101337,0,
101658,101337,0,
101473,101337,0,
100668,100663,3,
100667,100663,0,
101025,101024,3,
100454,100453,3,
100664,100663,3,
100669,100663,0,
101596,101325,0,
101977,101975,3,
100242,100241,0,
101976,101975,3,
100251,100241,0,
102152,102045,0,
101978,101975,3,
101026,101001,0,
101012,101001,3,
101584,101404,0,
101027,101001,0,
101002,101001,3,
101011,101001,3,
101583,101404,0,
100966,100944,0,
100975,100944,0,
100965,100944,0,
100470,100469,0,
102139,101841,0,
102137,101841,0,
102138,101841,0,
100945,100944,0,
100974,100944,0,
100975,100973,0,
100976,100973,0,
101013,100973,0,
100977,100973,0,
102068,100973,0,
101769,101768,0,
100974,100973,0,
101157,101092,0,
101297,101228,0,
100957,100840,0,
101229,101228,3,
100841,100840,0,
101367,101228,3,
101298,101228,0,
101292,101228,3,
101402,101228,0,
100958,100840,0,
101401,101228,0,
101291,101228,3,
101594,101228,0,
101318,101225,0,
101874,101358,3,
101660,101358,3,
101578,101225,0,
101467,101358,0,
101508,101358,0,
101328,101225,0,
101419,101225,0,
100660,100637,0,
101226,101225,0,
100638,100637,0,
101577,101225,0,
101509,101358,0,
101408,101358,3,
101466,101358,0,
100662,100637,0,
101329,101225,0,
101420,101225,0,
101319,101225,0,
101885,101691,0,
101886,101691,0,
100568,100478,3,
101472,101328,0,
101578,101328,0,
101609,101328,0,
101329,101328,0,
101608,101328,0,
101444,101328,0,
100569,100478,3,
101657,101328,0,
101658,101328,0,
101473,101328,0,
101577,101328,0,
101750,101749,0,
100998,100896,0,
100586,100582,0,
101151,101054,0,
101560,101557,0,
100997,100896,0,
100596,100582,0,
100598,100582,0,
101561,101557,0,
101159,101054,0,
101055,101054,0,
100597,100582,0,
101152,101054,0,
100583,100582,0,
101077,101054,0,
100584,100582,0,
100595,100582,0,
101131,101054,0,
101880,101763,0,
101878,101763,0,
101879,101763,0,
101151,101055,0,
101152,101055,0,
101077,101055,0,
101922,100045,0,
101131,101055,0,
100046,100045,0,
102105,100045,0,
101159,101055,0,
101855,101830,0,
101831,101830,0,
101154,101149,0,
100357,100302,3,
101153,101149,0,
101150,101149,0,
100048,100047,0,
101905,100047,0,
102170,101612,0,
101613,101612,0,
102171,101612,0,
101069,101068,0,
101537,101322,0,
102175,102163,0,
101323,101322,0,
101536,101322,0,
101858,101857,0,
101687,101686,0,
102013,101686,0,
101238,101200,0,
101756,101200,0,
101300,101200,0,
101236,101200,0,
101755,101200,0,
101299,101200,0,
101237,101200,0,
101579,101213,3,
101314,101213,3,
101580,101213,3,
101214,101213,3,
101313,101213,3,
101894,101884,0,
102174,100601,0,
101666,101477,3,
101367,101291,3,
102155,101477,3,
101292,101291,3,
101667,101477,3,
100602,100601,0,
102174,100602,0,
100208,100207,0,
100187,100180,0,
100264,100180,0,
100262,100207,3,
100263,100180,0,
100261,100207,0,
100266,100180,0,
100195,100180,0,
100265,100180,0,
100975,100974,0,
100976,100941,0,
101013,100941,0,
100977,100941,0,
101019,100941,0,
102068,100941,0,
102068,100974,0,
100973,100941,0,
100465,100381,0,
101449,101437,0,
101875,101437,0,
101447,101437,0,
101504,101437,0,
101503,101437,0,
102145,100381,0,
101505,101437,0,
101985,100381,0,
101632,101437,0,
101451,101437,0,
100382,100381,0,
100466,100381,0,
101450,101437,0,
101448,101437,0,
101764,101437,0,
101399,101232,0,
100117,100116,0,
101730,101728,0,
101400,101232,0,
101351,101232,0,
101729,101728,0,
100598,100597,0,
101233,101232,0,
101350,101232,0,
101132,101103,0,
101120,101103,0,
101119,101103,0,
101067,101066,0,
102149,102010,0,
100578,100383,0,
102100,100154,0,
100695,100693,3,
102101,100154,0,
100384,100383,0,
100155,100154,0,
100577,100383,0,
100516,100515,3,
101969,101552,0,
101659,101552,0,
101331,101255,0,
101256,101255,0,
101330,101255,0,
101730,101255,0,
101715,101355,0,
102052,101552,0,
101714,101355,0,
101728,101255,0,
101623,101519,0,
101729,101255,0,
101353,101255,0,
101480,101255,0,
101257,101255,0,
101520,101519,0,
101395,101255,0,
102135,101552,0,
101258,101255,0,
101481,101255,0,
101112,101111,0,
101396,101255,0,
100685,100670,0,
100684,100670,0,
102130,101193,0,
101673,101407,3,
101712,101407,3,
101711,101407,3,
101674,101407,3,
102161,102160,0,
101595,101594,0,
100604,100603,3,
100125,100067,0,
100124,100067,0,
100753,100747,0,
100748,100747,0,
100754,100747,0,
100749,100747,3,
100750,100747,0,
100760,100747,0,
100761,100747,0,
101537,101536,3,
101702,101536,3,
101666,101536,3,
101617,101536,0,
102155,101536,3,
101697,101536,3,
101616,101536,0,
101701,101536,3,
101667,101536,3,
